image_width: 640
image_height: 480
camera_name: narrow_stereo
camera_matrix:
  rows: 3
  cols: 3
  data: [529.449427, 0.000000, 320.586931, 0.000000, 522.914242, 228.001420, 0.000000, 0.000000, 1.000000]
distortion_model: plumb_bob
distortion_coefficients:
  rows: 1
  cols: 5
  data: [0.040396, -0.153418, -0.000700, -0.002234, 0.000000]
rectification_matrix:
  rows: 3
  cols: 3
  data: [1.000000, 0.000000, 0.000000, 0.000000, 1.000000, 0.000000, 0.000000, 0.000000, 1.000000]
projection_matrix:
  rows: 3
  cols: 4
  data: [525.378235, 0.000000, 318.732948, 0.000000, 0.000000, 522.668762, 227.144754, 0.000000, 0.000000, 0.000000, 1.000000, 0.000000]


