# oST version 5.0 parameters


[image]

width
640

height
480

[narrow_stereo]

camera matrix
529.449427 0.000000 320.586931
0.000000 522.914242 228.001420
0.000000 0.000000 1.000000

distortion
0.040396 -0.153418 -0.000700 -0.002234 0.000000

rectification
1.000000 0.000000 0.000000
0.000000 1.000000 0.000000
0.000000 0.000000 1.000000

projection
525.378235 0.000000 318.732948 0.000000
0.000000 522.668762 227.144754 0.000000
0.000000 0.000000 1.000000 0.000000

