1.000000000 0.000000000 0.000000000 0.000000000 0.000000000 1.000000000 0.000000000 0.000000000 0.000000000 0.000000000 1.000000000 0.000000000
1.000000000 -0.000128522 -0.000008196 0.000150231 0.000128523 1.000000000 0.000163302 -0.000236717 0.000008175 -0.000163303 1.000000000 -0.000514628
1.000000000 -0.000117110 -0.000016055 0.000137962 0.000117113 1.000000000 0.000196037 -0.000297290 0.000016032 -0.000196039 1.000000000 -0.000479680
1.000000000 -0.000039640 -0.000011950 0.000061611 0.000039639 1.000000000 -0.000025658 0.000018007 0.000011951 0.000025657 1.000000000 0.000038534
1.000000000 -0.000129412 -0.000007029 0.000071815 0.000129412 1.000000000 0.000069354 -0.000126653 0.000007020 -0.000069355 1.000000000 -0.000178670
1.000000000 0.000024460 0.000001166 0.000015987 -0.000024460 1.000000000 -0.000047750 -0.000005254 -0.000001167 0.000047750 1.000000000 0.000180153
1.000000000 0.000078716 -0.000061895 0.000106173 -0.000078726 1.000000000 -0.000159751 0.000231388 0.000061883 0.000159756 1.000000000 0.000147893
1.000000000 -0.000027757 -0.000018112 0.000084494 0.000027758 1.000000000 0.000048479 -0.000032523 0.000018110 -0.000048479 1.000000000 -0.000116989
1.000000000 0.000020561 0.000006765 -0.000004618 -0.000020561 1.000000000 -0.000000940 0.000037759 -0.000006765 0.000000939 1.000000000 0.000317714
1.000000000 -0.000105827 0.000001450 0.000115893 0.000105827 1.000000000 0.000128561 -0.000190002 -0.000001463 -0.000128561 1.000000000 -0.000318675
1.000000000 -0.000076599 -0.000011880 0.000069261 0.000076600 1.000000000 0.000045987 -0.000065933 0.000011876 -0.000045988 1.000000000 -0.000064776
1.000000000 0.000029315 -0.000038964 0.000083235 -0.000029313 1.000000000 0.000059055 -0.000010585 0.000038966 -0.000059054 1.000000000 0.000140431
1.000000000 0.000035894 0.000019725 0.000052000 -0.000035895 1.000000000 0.000081936 -0.000166687 -0.000019723 -0.000081937 1.000000000 -0.000270338
1.000000000 0.000024894 -0.000014656 0.000059384 -0.000024893 1.000000000 0.000079702 -0.000168556 0.000014658 -0.000079702 1.000000000 -0.000122053
1.000000000 -0.000078181 -0.000029265 0.000132911 0.000078185 1.000000000 0.000143203 -0.000154577 0.000029254 -0.000143205 1.000000000 -0.000383958
1.000000000 -0.000155349 -0.000029172 0.000146716 0.000155355 1.000000000 0.000212136 -0.000261781 0.000029139 -0.000212141 1.000000000 -0.000542439
1.000000000 -0.000076291 0.000044991 0.000111599 0.000076280 1.000000000 0.000257224 -0.000327470 -0.000045010 -0.000257221 1.000000000 -0.000781287
1.000000000 0.000040694 -0.000039847 0.000183934 -0.000040687 1.000000000 0.000174815 -0.000189420 0.000039854 -0.000174813 1.000000000 -0.000479087
1.000000000 -0.000068942 0.000002245 0.000139347 0.000068942 1.000000000 0.000153057 -0.000187310 -0.000002256 -0.000153057 1.000000000 -0.000562959
1.000000000 -0.000141248 -0.000076523 0.000253308 0.000141265 1.000000000 0.000218842 -0.000203596 0.000076492 -0.000218853 1.000000000 -0.000636064
1.000000000 -0.000145717 -0.000135607 0.000317443 0.000145732 1.000000000 0.000110396 -0.000081900 0.000135591 -0.000110415 1.000000000 -0.000366567
1.000000000 -0.000181528 -0.000072421 0.000272160 0.000181538 1.000000000 0.000133461 -0.000148696 0.000072397 -0.000133474 1.000000000 -0.000345092
1.000000000 -0.000130782 -0.000052732 0.000173547 0.000130791 1.000000000 0.000176395 -0.000195964 0.000052709 -0.000176402 1.000000000 -0.000370553
1.000000000 -0.000094266 -0.000068810 0.000157562 0.000094270 1.000000000 0.000053467 -0.000055179 0.000068805 -0.000053474 1.000000000 -0.000178037
1.000000000 -0.000160957 -0.000090391 0.000268094 0.000160972 1.000000000 0.000165306 -0.000154654 0.000090364 -0.000165321 1.000000000 -0.000631770
1.000000000 -0.000177861 0.000018436 0.000070344 0.000177857 1.000000000 0.000190740 -0.000236465 -0.000018470 -0.000190737 1.000000000 -0.000421079
1.000000000 -0.000245450 -0.000135950 0.000374653 0.000245474 1.000000000 0.000177339 -0.000185064 0.000135907 -0.000177372 1.000000000 -0.000537301
1.000000000 -0.000197965 -0.000050545 0.000227573 0.000197978 1.000000000 0.000273445 -0.000330300 0.000050491 -0.000273455 1.000000000 -0.000719811
1.000000000 -0.000058792 -0.000059206 0.000255879 0.000058813 0.999999940 0.000351438 -0.000424698 0.000059185 -0.000351442 0.999999940 -0.000724822
0.999999940 -0.000354336 -0.000192657 0.000426036 0.000354412 0.999999881 0.000397925 -0.000531890 0.000192515 -0.000397993 0.999999821 -0.000533839
0.999999881 -0.000471449 -0.000189755 0.000448112 0.000471554 0.999999762 0.000555650 -0.000703366 0.000189493 -0.000555739 0.999999821 -0.000954784
0.999999702 -0.000600078 -0.000379881 0.000758403 0.000600382 0.999999523 0.000801119 -0.001056652 0.000379400 -0.000801347 0.999999583 -0.001209691
0.999999821 -0.000517838 0.000275554 -0.000256051 0.000517568 0.999999464 0.000980394 -0.001292543 -0.000276062 -0.000980251 0.999999464 -0.001874680
0.999999523 -0.000309314 0.000908690 -0.001214055 0.000308792 0.999999821 0.000573769 -0.000772484 -0.000908867 -0.000573488 0.999999344 -0.002244259
0.999999702 -0.000484406 0.000508060 -0.000663921 0.000483937 0.999999523 0.000921909 -0.001144498 -0.000508506 -0.000921662 0.999999404 -0.002282957
0.999999821 -0.000599815 -0.000226345 0.000447896 0.000600036 0.999999404 0.000975691 -0.001400500 0.000225759 -0.000975826 0.999999464 -0.001086614
0.999999642 0.000787315 -0.000371602 0.001053437 -0.000787741 0.999999046 -0.001148049 0.001778215 0.000370698 0.001148341 0.999999285 -0.000651157
0.999999642 0.000678251 -0.000492291 0.001299863 -0.000678778 0.999999166 -0.001072086 0.001714562 0.000491564 0.001072420 0.999999344 -0.000153173
0.999999762 0.000500337 -0.000462916 0.001255222 -0.000500839 0.999999344 -0.001084651 0.001678497 0.000462372 0.001084883 0.999999344 -0.000303472
0.999999821 0.000167444 0.000501129 -0.000525520 -0.000167387 1.000000000 -0.000114673 0.000315407 -0.000501148 0.000114589 0.999999881 -0.000799979
0.999999881 0.000305573 0.000335973 -0.000201112 -0.000305471 0.999999940 -0.000301916 0.000588825 -0.000336065 0.000301813 0.999999940 -0.001011621
1.000000000 0.000135009 -0.000195766 0.000691127 -0.000135063 1.000000000 -0.000271363 0.000514842 0.000195729 0.000271390 1.000000000 -0.000542138
0.999999821 0.000637212 0.000094722 0.000161329 -0.000637096 0.999999106 -0.001222930 0.001939591 -0.000095501 0.001222869 0.999999285 -0.000078110
0.999999821 0.000580187 0.000245095 -0.000053059 -0.000579885 0.999999106 -0.001231915 0.002045798 -0.000245810 0.001231773 0.999999225 -0.000577116
0.999999583 0.000684439 0.000578624 -0.000585835 -0.000683708 0.999998987 -0.001263449 0.002113671 -0.000579488 0.001263053 0.999999046 -0.000647928
0.999999940 0.000305989 0.000212652 -0.000188077 -0.000305854 0.999999821 -0.000634555 0.001166470 -0.000212846 0.000634490 0.999999762 -0.000567656
0.999999881 0.000496235 0.000095985 0.000192456 -0.000496143 0.999999464 -0.000948111 0.001495481 -0.000096456 0.000948063 0.999999523 -0.000875461
0.999999762 0.000626097 -0.000024195 0.000445394 -0.000626120 0.999999344 -0.000958574 0.001529278 0.000023594 0.000958589 0.999999583 -0.000309711
0.999999642 0.000282425 -0.000791295 0.001730767 -0.000282728 0.999999940 -0.000382958 0.000604535 0.000791186 0.000383182 0.999999642 -0.000023913
0.999999881 0.000093007 0.000453079 -0.000474633 -0.000093142 0.999999940 0.000297095 -0.000336542 -0.000453051 -0.000297137 0.999999940 -0.000429633
0.999999881 0.000222945 0.000110613 0.000114471 -0.000222885 0.999999821 -0.000542397 0.000806067 -0.000110734 0.000542372 0.999999821 -0.000345859
0.999999940 0.000226168 0.000114830 0.000123838 -0.000226108 0.999999821 -0.000516253 0.000810929 -0.000114947 0.000516227 0.999999881 -0.000365940
0.999999940 0.000304451 0.000088630 0.000075409 -0.000304408 0.999999821 -0.000486377 0.000794024 -0.000088779 0.000486350 0.999999940 -0.000476782
0.999999881 0.000282829 0.000122925 0.000081928 -0.000282751 0.999999702 -0.000637003 0.000995730 -0.000123105 0.000636968 0.999999821 -0.000564515
0.999999940 0.000234786 -0.000263079 0.000669487 -0.000234949 0.999999762 -0.000617562 0.000939232 0.000262934 0.000617624 0.999999762 -0.000737655
0.999999881 0.000125033 -0.000512903 0.001211079 -0.000125446 0.999999583 -0.000804530 0.001143785 0.000512802 0.000804594 0.999999523 -0.000106252
1.000000000 -0.000080978 -0.000067669 0.000483210 0.000080988 0.999999940 0.000144206 0.000025003 0.000067658 -0.000144211 0.999999940 -0.000655259
0.999999702 0.000125531 -0.000783135 0.001521973 -0.000125900 0.999999881 -0.000471205 0.000763674 0.000783076 0.000471303 0.999999523 -0.000308819
0.999999940 0.000401521 -0.000101560 0.000538191 -0.000401584 0.999999702 -0.000614563 0.000933058 0.000101313 0.000614604 0.999999821 -0.000354766
0.999999881 0.000338198 0.000311536 -0.000157398 -0.000338073 0.999999762 -0.000400519 0.000667620 -0.000311672 0.000400413 0.999999881 -0.000812227
0.999999940 0.000394844 0.000107847 0.000174450 -0.000394778 0.999999702 -0.000616715 0.000965694 -0.000108090 0.000616672 0.999999821 -0.000391333
0.999999940 0.000292095 0.000090695 0.000189548 -0.000292054 0.999999821 -0.000456070 0.000735463 -0.000090829 0.000456044 0.999999940 -0.000465886
1.000000000 0.000147448 -0.000181695 0.000516887 -0.000147509 0.999999940 -0.000331877 0.000543621 0.000181646 0.000331904 1.000000000 -0.000508020
1.000000000 -0.000045387 0.000047825 0.000204603 0.000045419 0.999999702 -0.000670549 0.000896220 -0.000047795 0.000670551 0.999999762 -0.000592751
0.999999642 0.000520101 -0.000660560 0.001661429 -0.000521207 0.999998391 -0.001674860 0.002245258 0.000659688 0.001675203 0.999998391 0.000132809
0.999999940 0.000011076 -0.000068724 0.000477750 -0.000011103 0.999999940 -0.000395816 0.000554387 0.000068720 0.000395817 0.999999881 -0.000633487
0.999999940 -0.000162943 -0.000019704 0.000271837 0.000162943 1.000000000 0.000024873 -0.000070743 0.000019700 -0.000024876 1.000000000 -0.001124462
0.999997973 -0.000389681 -0.001944035 0.003788841 0.000387830 0.999999464 -0.000952545 0.001642710 0.001944406 0.000951789 0.999997675 -0.000043289
0.999997318 -0.000092410 0.002315709 -0.002944204 0.000092473 1.000000000 -0.000027045 0.000082184 -0.002315706 0.000027259 0.999997318 -0.002907860
0.999999642 -0.000370564 0.000747774 -0.000417730 0.000370681 0.999999881 -0.000155317 0.000393764 -0.000747716 0.000155595 0.999999702 -0.001947017
0.999996483 -0.000044023 0.002644959 -0.003176654 0.000043233 0.999999940 0.000298709 -0.000266056 -0.002644972 -0.000298594 0.999996424 -0.003617667
0.999998331 -0.000228793 0.001774459 -0.001955164 0.000228785 1.000000000 0.000004853 0.000171587 -0.001774460 -0.000004447 0.999998450 -0.002922700
0.999997497 -0.000578262 0.002188688 -0.002594359 0.000577524 0.999999821 0.000337955 -0.000471911 -0.002188883 -0.000336690 0.999997556 -0.003554751
0.999999285 -0.000446339 0.001113579 -0.000925857 0.000446204 0.999999881 0.000121078 -0.000006219 -0.001113633 -0.000120581 0.999999344 -0.003034746
0.999999166 -0.000494859 0.001186872 -0.000762710 0.000495068 0.999999881 -0.000176289 0.000633414 -0.001186785 0.000176877 0.999999285 -0.003592288
0.999998927 -0.000670160 0.001268627 -0.000869572 0.000669537 0.999999583 0.000491015 -0.000454948 -0.001268956 -0.000490165 0.999999046 -0.004372737
0.999999762 -0.000713980 0.000057694 0.001069633 0.000713969 0.999999702 0.000184809 0.000099016 -0.000057826 -0.000184768 0.999999940 -0.003730904
0.999999225 -0.001138362 -0.000374925 0.001762218 0.001138581 0.999999106 0.000583371 -0.000410480 0.000374261 -0.000583797 0.999999762 -0.003688197
0.999995649 -0.000734848 -0.002843662 0.005856604 0.000736329 0.999999523 0.000519638 -0.000403212 0.002843280 -0.000521729 0.999995828 -0.002693964
0.999995172 -0.001016110 -0.002923242 0.005880113 0.001019251 0.999998868 0.001073430 -0.001195007 0.002922148 -0.001076404 0.999995172 -0.003211059
0.999999583 -0.000787875 -0.000674182 0.002254721 0.000788888 0.999998569 0.001502274 -0.001959906 0.000672997 -0.001502805 0.999998629 -0.004854891
0.999999404 -0.000782154 -0.000738970 0.002442518 0.000783347 0.999998391 0.001614555 -0.002048508 0.000737706 -0.001615133 0.999998391 -0.005389760
0.999999225 -0.000694613 -0.001039072 0.002665250 0.000695649 0.999999285 0.000996571 -0.001191845 0.001038379 -0.000997293 0.999998987 -0.003763896
0.999999285 -0.000560924 -0.001047651 0.002820248 0.000562629 0.999998510 0.001627612 -0.002151704 0.001046737 -0.001628201 0.999998152 -0.004404985
0.999998450 -0.001046694 -0.001395421 0.003784086 0.001049979 0.999996662 0.002355299 -0.003091795 0.001392951 -0.002356760 0.999996185 -0.005491013
0.999998927 -0.000759919 -0.001214467 0.003464179 0.000762958 0.999996603 0.002503897 -0.003457777 0.001212561 -0.002504820 0.999996126 -0.005770886
0.999998569 -0.001015137 -0.001288500 0.003538501 0.001018242 0.999996543 0.002411842 -0.003211010 0.001286047 -0.002413151 0.999996245 -0.005658584
0.999998927 -0.001141910 -0.000890355 0.003041947 0.001144142 0.999996185 0.002510556 -0.003458958 0.000887485 -0.002511572 0.999996483 -0.006771261
0.999998510 -0.000947852 -0.001458633 0.003880005 0.000951448 0.999996483 0.002466997 -0.003288335 0.001456290 -0.002468381 0.999995887 -0.006034834
0.999998868 -0.000667601 -0.001424789 0.003699206 0.000671105 0.999996722 0.002460199 -0.003335303 0.001423142 -0.002461152 0.999995947 -0.005913048
0.999997973 -0.000865861 -0.001826631 0.004519491 0.000870830 0.999995947 0.002720854 -0.003779742 0.001824268 -0.002722440 0.999994636 -0.006085341
0.999998212 -0.000867887 -0.001742739 0.004462018 0.000872966 0.999995351 0.002915706 -0.003984766 0.001740201 -0.002917222 0.999994218 -0.006500427
0.999997795 -0.000982958 -0.001863226 0.004700850 0.000988725 0.999994636 0.003096905 -0.004162229 0.001860172 -0.003098740 0.999993443 -0.006781052
0.999997735 -0.001001492 -0.001849155 0.004755954 0.001007322 0.999994516 0.003154452 -0.004281696 0.001845986 -0.003156308 0.999993324 -0.006865878
0.999997795 -0.001143145 -0.001754076 0.004578029 0.001148002 0.999995470 0.002770522 -0.003790271 0.001750901 -0.002772529 0.999994636 -0.006752867
0.999997973 -0.000872377 -0.001805608 0.004732318 0.000877664 0.999995351 0.002929376 -0.003937928 0.001803043 -0.002930955 0.999994099 -0.007192346
0.999998152 -0.000833096 -0.001723070 0.004691736 0.000838219 0.999995232 0.002974934 -0.004010365 0.001720583 -0.002976373 0.999994099 -0.007128090
0.999997735 -0.001065799 -0.001905382 0.004961786 0.001071398 0.999995112 0.002940017 -0.003976391 0.001902239 -0.002942052 0.999993861 -0.006825775
0.999998331 -0.000667755 -0.001700779 0.004778098 0.000671903 0.999996781 0.002439362 -0.003415959 0.001699144 -0.002440501 0.999995589 -0.007792305
0.999997437 -0.000729115 -0.002136653 0.005362098 0.000734572 0.999996483 0.002554171 -0.003470464 0.002134783 -0.002555735 0.999994397 -0.007363170
0.999994218 -0.001095584 -0.003217321 0.006959481 0.001104728 0.999995351 0.002841778 -0.003827633 0.003214194 -0.002845316 0.999990761 -0.006960917
0.999994934 -0.001009539 -0.003008403 0.006715054 0.001013276 0.999998689 0.001240887 -0.001583686 0.003007146 -0.001243929 0.999994695 -0.006598071
0.999992549 -0.001277263 -0.003647028 0.007597547 0.001288452 0.999994457 0.003067405 -0.004038644 0.003643089 -0.003072081 0.999988616 -0.006294631
0.999994457 -0.000654577 -0.003258223 0.007046469 0.000663656 0.999995828 0.002786157 -0.003840848 0.003256386 -0.002788304 0.999990821 -0.007197904
0.999993563 -0.000761239 -0.003508265 0.007446230 0.000772072 0.999994934 0.003087362 -0.004316432 0.003505897 -0.003090051 0.999989033 -0.006799984
0.999990642 -0.000868036 -0.004233409 0.008408309 0.000878840 0.999996364 0.002550705 -0.003433521 0.004231179 -0.002554401 0.999987781 -0.006718434
0.999990702 -0.000764200 -0.004245508 0.008720141 0.000776534 0.999995470 0.002904208 -0.003937289 0.004243270 -0.002907478 0.999986768 -0.006981064
0.999987721 -0.001296647 -0.004788608 0.009321267 0.001311982 0.999994040 0.003200599 -0.004334525 0.004784429 -0.003206842 0.999983430 -0.007015254
0.999981642 -0.001073980 -0.005960000 0.010932442 0.001088433 0.999996483 0.002422255 -0.003137488 0.005957379 -0.002428698 0.999979317 -0.006000236
0.999983966 -0.000710191 -0.005605973 0.010254164 0.000725113 0.999996185 0.002660275 -0.003506359 0.005604064 -0.002664297 0.999980688 -0.006414286
0.999988139 -0.000519113 -0.004836676 0.009387920 0.000531001 0.999996841 0.002456883 -0.003311431 0.004835385 -0.002459422 0.999985278 -0.007016644
0.999987125 -0.000696900 -0.005010235 0.009872984 0.000707483 0.999997437 0.002110735 -0.003005862 0.005008751 -0.002114253 0.999985218 -0.006933672
0.999989748 -0.000726751 -0.004463702 0.009173538 0.000737054 0.999997079 0.002306938 -0.003079475 0.004462012 -0.002310205 0.999987364 -0.007784141
0.999988735 -0.000989218 -0.004633856 0.009378863 0.000998980 0.999997258 0.002104862 -0.002868911 0.004631761 -0.002109467 0.999987066 -0.007402437
0.999991417 -0.000479055 -0.004119176 0.008563535 0.000488986 0.999996960 0.002410229 -0.003262765 0.004118008 -0.002412223 0.999988616 -0.007112021
0.999988616 -0.000821409 -0.004724817 0.009530378 0.000832077 0.999997020 0.002256312 -0.003007784 0.004722951 -0.002260217 0.999986231 -0.007020228
0.999983132 -0.001090733 -0.005696091 0.010694470 0.001101887 0.999997497 0.001955496 -0.002516994 0.005693944 -0.001961739 0.999981880 -0.006383928
0.999982595 -0.001173881 -0.005785012 0.010787815 0.001184911 0.999997497 0.001903542 -0.002328609 0.005782764 -0.001910363 0.999981463 -0.006559035
0.999987900 -0.000778344 -0.004856059 0.009493430 0.000787645 0.999997854 0.001913825 -0.002502075 0.004854559 -0.001917627 0.999986291 -0.006676177
0.999980867 -0.000873395 -0.006119741 0.011395039 0.000888684 0.999996483 0.002496205 -0.003281905 0.006117539 -0.002501595 0.999978185 -0.005985746
0.999978602 -0.000999308 -0.006464708 0.011964640 0.001011769 0.999997616 0.001924661 -0.002453452 0.006462770 -0.001931160 0.999977231 -0.005424559
0.999982774 -0.000669941 -0.005835689 0.011325116 0.000684122 0.999996781 0.002428448 -0.003412619 0.005834044 -0.002432399 0.999980032 -0.006571935
0.999983668 -0.000471538 -0.005682097 0.011298675 0.000487935 0.999995708 0.002884773 -0.004084497 0.005680711 -0.002887499 0.999979675 -0.006872232
0.999983788 -0.000629990 -0.005662312 0.011305406 0.000645620 0.999996006 0.002759049 -0.003818253 0.005660551 -0.002762660 0.999980152 -0.007201429
0.999982536 -0.000656699 -0.005869645 0.011457242 0.000672952 0.999995947 0.002767471 -0.003717109 0.005867803 -0.002771373 0.999978960 -0.007277119
0.999979198 -0.000568593 -0.006421748 0.012406153 0.000581085 0.999997854 0.001943512 -0.002726606 0.006420630 -0.001947204 0.999977469 -0.006652476
0.999975562 -0.000523245 -0.006964316 0.013423843 0.000547230 0.999993861 0.003442605 -0.004661422 0.006962470 -0.003446332 0.999969780 -0.007559665
0.999973536 -0.001119040 -0.007191865 0.013902226 0.001147399 0.999991536 0.003940276 -0.005054185 0.007187395 -0.003948423 0.999966383 -0.007508376
0.999974430 -0.000799498 -0.007109529 0.013792333 0.000820328 0.999995470 0.002927440 -0.003877183 0.007107156 -0.002933198 0.999970436 -0.007218909
0.999970615 -0.001013859 -0.007599127 0.014420972 0.001030557 0.999997079 0.002193719 -0.002862951 0.007596881 -0.002201486 0.999968708 -0.007184634
0.999974370 -0.000706607 -0.007127764 0.013878951 0.000727951 0.999995232 0.002992287 -0.004003976 0.007125617 -0.002997398 0.999970138 -0.007799441
0.999974787 -0.000843093 -0.007039874 0.013599139 0.000868218 0.999993265 0.003566736 -0.004846378 0.007036821 -0.003572759 0.999968886 -0.007473806
0.999972165 -0.001160754 -0.007390179 0.014141889 0.001182160 0.999995112 0.002892947 -0.003885983 0.007386786 -0.002901602 0.999968469 -0.007184106
0.999976814 -0.001108933 -0.006720864 0.013308147 0.001131932 0.999993443 0.003419064 -0.004576888 0.006717029 -0.003426593 0.999971569 -0.007752826
0.999977648 -0.001146356 -0.006586679 0.013117086 0.001169606 0.999993086 0.003527063 -0.004752434 0.006582590 -0.003534689 0.999972105 -0.007724479
0.999976516 -0.001214911 -0.006748132 0.013318708 0.001238479 0.999993145 0.003489538 -0.004611103 0.006743846 -0.003497814 0.999971151 -0.007792905
0.999975443 -0.000746588 -0.006964256 0.013386813 0.000770604 0.999993682 0.003446440 -0.004691585 0.006961640 -0.003451722 0.999969780 -0.007539403
0.999975741 -0.001265892 -0.006840766 0.013323740 0.001288605 0.999993682 0.003316868 -0.004296509 0.006836524 -0.003325603 0.999971092 -0.007600695
0.999980032 0.000006848 -0.006314325 0.012619038 0.000033194 0.999979854 0.006341282 -0.008801815 0.006314241 -0.006341366 0.999959946 -0.010114282
0.999977231 -0.000635206 -0.006706928 0.012896464 0.000659603 0.999993086 0.003636027 -0.004972427 0.006704573 -0.003640368 0.999970913 -0.008377318
0.999976695 -0.000455565 -0.006816063 0.013318536 0.000485578 0.999990106 0.004402218 -0.006141643 0.006813991 -0.004405425 0.999967098 -0.007567679
0.999980390 -0.000674997 -0.006218931 0.012611176 0.000702515 0.999990106 0.004423804 -0.006189584 0.006215884 -0.004428088 0.999970853 -0.007781425
0.999980509 -0.000650357 -0.006200131 0.012616696 0.000677386 0.999990284 0.004358354 -0.006166191 0.006197236 -0.004362469 0.999971271 -0.007793318
0.999979079 -0.000649781 -0.006435694 0.012974582 0.000681947 0.999987245 0.004997248 -0.006895922 0.006432366 -0.005001532 0.999966800 -0.007913533
0.999987781 -0.000123187 -0.004942012 0.011003447 0.000171884 0.999951363 0.009854471 -0.014191839 0.004940559 -0.009855201 0.999939144 -0.009052228
0.999991238 -0.000261344 -0.004181864 0.009727415 0.000305120 0.999945045 0.010470757 -0.015767904 0.004178899 -0.010471945 0.999936461 -0.008092732
0.999991477 -0.000373227 -0.004116417 0.010007225 0.000409240 0.999961555 0.008751074 -0.013215543 0.004112993 -0.008752681 0.999953151 -0.008893739
0.999992967 -0.000745600 -0.003681106 0.010275264 0.000777672 0.999961615 0.008718882 -0.012924294 0.003674464 -0.008721684 0.999955237 -0.010535100
0.999994159 -0.000938316 -0.003286060 0.009682825 0.000965339 0.999965668 0.008231542 -0.012204961 0.003278223 -0.008234664 0.999960721 -0.010046157
0.999988019 -0.001794258 -0.004559817 0.011319668 0.001808887 0.999993145 0.003206027 -0.004276846 0.004554033 -0.003214237 0.999984384 -0.007181485
0.999986827 -0.002007085 -0.004726246 0.011680648 0.002029623 0.999986708 0.004768910 -0.006609356 0.004716612 -0.004778440 0.999977469 -0.008558125
0.999986231 -0.001782525 -0.004938911 0.012170753 0.001805286 0.999987781 0.004607913 -0.006337381 0.004930636 -0.004616766 0.999977112 -0.008379016
0.999984860 -0.002239487 -0.005009830 0.012295321 0.002264446 0.999985039 0.004981994 -0.006617021 0.004998598 -0.004993263 0.999974966 -0.007919126
0.999987423 -0.002039336 -0.004584976 0.011766667 0.002064115 0.999983251 0.005406182 -0.007492861 0.004573874 -0.005415576 0.999974787 -0.008413574
0.999985337 -0.002490871 -0.004810842 0.011986290 0.002512468 0.999986768 0.004488438 -0.006145731 0.004799597 -0.004500460 0.999978364 -0.007338058
0.999982536 -0.002021987 -0.005557312 0.013518687 0.002055674 0.999979436 0.006062855 -0.008611002 0.005544939 -0.006074172 0.999966145 -0.008367309
0.999990046 -0.001741911 -0.004104443 0.009943888 0.001759456 0.999989331 0.004274865 -0.005780395 0.004096952 -0.004282043 0.999982357 -0.006008061
0.999986231 -0.002064700 -0.004827417 0.011262499 0.002083335 0.999990523 0.003858577 -0.004767064 0.004819405 -0.003868581 0.999980927 -0.006607283
0.999981523 -0.002453276 -0.005546834 0.012789067 0.002474167 0.999989867 0.003762675 -0.004763092 0.005537547 -0.003776330 0.999977529 -0.006347371
0.999980867 -0.002140637 -0.005808375 0.013650538 0.002169977 0.999984920 0.005049905 -0.006882974 0.005797477 -0.005062413 0.999970376 -0.007554778
0.999980330 -0.002413564 -0.005773655 0.013175918 0.002439315 0.999987006 0.004457217 -0.005801496 0.005762823 -0.004471214 0.999973416 -0.006410540
0.999982357 -0.001829952 -0.005654229 0.013509961 0.001870165 0.999972939 0.007115013 -0.010020429 0.005641056 -0.007125461 0.999958694 -0.008343806
0.999984264 -0.002042611 -0.005230249 0.011902123 0.002063042 0.999990165 0.003903804 -0.004966803 0.005222223 -0.003914533 0.999978721 -0.007918570
0.999983788 -0.002006746 -0.005338752 0.012426856 0.002035089 0.999983788 0.005308869 -0.007111302 0.005328011 -0.005319648 0.999971628 -0.008161573
0.999989092 -0.001077633 -0.004545562 0.011730320 0.001122310 0.999951005 0.009837552 -0.014365615 0.004534737 -0.009842546 0.999941289 -0.009686899
0.999902308 -0.002433393 -0.013758773 0.028558072 0.002552903 0.999959111 0.008675265 -0.011732386 0.013737099 -0.008709545 0.999867737 -0.010963021
0.999981225 -0.002669943 -0.005519115 0.013145569 0.002698596 0.999982893 0.005190725 -0.006227804 0.005505161 -0.005205520 0.999971211 -0.009183678
0.999985099 -0.002965843 -0.004586093 0.011332217 0.002982836 0.999988675 0.003703060 -0.004056314 0.004575058 -0.003716684 0.999982655 -0.008498523
0.999986231 -0.002907373 -0.004366698 0.011075703 0.002923007 0.999989331 0.003578349 -0.003804575 0.004356248 -0.003591064 0.999984145 -0.009204216
0.999993920 -0.001888607 -0.002933531 0.008422879 0.001898890 0.999992073 0.003506501 -0.004600702 0.002926886 -0.003512050 0.999989569 -0.007200934
0.999993265 -0.001867117 -0.003166759 0.008912047 0.001876337 0.999993920 0.002911275 -0.003667246 0.003161305 -0.002917197 0.999990761 -0.007968122
0.999883890 0.013955096 0.006122819 0.001046527 -0.014057470 0.999756515 0.017008392 -0.034911107 -0.005883976 -0.017092483 0.999836624 -0.027943023
0.999893904 0.013258148 0.006031400 0.001183856 -0.013353265 0.999782622 0.016013270 -0.033005640 -0.005817782 -0.016092110 0.999853611 -0.028780788
0.999911487 0.012359793 0.004926281 0.003660613 -0.012433713 0.999806106 0.015268159 -0.030971134 -0.004736615 -0.015328062 0.999871314 -0.029174732
0.999899566 0.012056722 0.007449936 -0.000793074 -0.012179736 0.999786377 0.016693622 -0.033266962 -0.007247075 -0.016782679 0.999832809 -0.028131837
0.999901474 0.011836958 0.007545373 -0.000905457 -0.011961717 0.999788821 0.016709642 -0.033091612 -0.007345987 -0.016798252 0.999831915 -0.028560840
0.999913514 0.011669684 0.006065990 0.002120666 -0.011758836 0.999820352 0.014875351 -0.029220533 -0.005891309 -0.014945395 0.999870956 -0.028760266
0.999921739 0.010305910 0.007090086 0.000850324 -0.010434308 0.999777794 0.018317340 -0.033744987 -0.006899733 -0.018389883 0.999807060 -0.028372537
0.999947906 0.009691653 0.003195243 0.007737126 -0.009751884 0.999764025 0.019406604 -0.035438176 -0.003006407 -0.019436760 0.999806583 -0.028973075
0.999946117 0.009477139 0.004241157 0.006338387 -0.009559380 0.999758184 0.019811250 -0.036434028 -0.004052375 -0.019850723 0.999794722 -0.029338555
0.999949634 0.009216049 0.003980125 0.007084229 -0.009292737 0.999762774 0.019699277 -0.035354737 -0.003797631 -0.019735273 0.999797940 -0.028053476
0.999802589 0.009132816 -0.017644806 0.047727108 -0.008841715 0.999824584 0.016506143 -0.028838970 0.017792460 -0.016346872 0.999708056 -0.027755536
0.999099433 0.013384094 -0.040264525 0.093047030 -0.012730218 0.999783754 0.016452242 -0.028891265 0.040476009 -0.015924852 0.999053597 -0.031917591
0.997854471 0.015103958 -0.063704573 0.140494585 -0.014143622 0.999779820 0.015498975 -0.025492039 0.063924648 -0.014564709 0.997848451 -0.017978203
0.998283505 0.030871933 -0.049768973 0.139882848 -0.029750055 0.999289751 0.023127224 -0.041115586 0.050447617 -0.021606898 0.998492956 0.003901056
0.998822987 0.043368462 -0.021720249 0.111089207 -0.043015223 0.998938501 0.016474513 -0.025255404 0.022411674 -0.015520824 0.999628365 0.056243561
0.998566389 0.052266628 0.011547037 0.083222613 -0.052375205 0.998584211 0.009309507 -0.014020378 -0.011044111 -0.009900941 0.999889970 0.133795261
0.998551309 0.052013837 0.013773632 0.087512642 -0.052148543 0.998593092 0.009607858 -0.015434332 -0.013254514 -0.010312215 0.999858975 0.155898958
0.998574197 0.051360033 0.014550734 0.086934209 -0.051502749 0.998626590 0.009608741 -0.015688503 -0.014037245 -0.010344447 0.999847949 0.157434672
0.998546124 0.052263740 0.013194192 0.089159064 -0.052400667 0.998573482 0.010255462 -0.016505638 -0.012639382 -0.010931936 0.999860346 0.155261904
0.998593152 0.052911568 0.003470451 0.108892113 -0.052927211 0.998587847 0.004581932 -0.007091590 -0.003223113 -0.004759167 0.999983490 0.159227848
0.998508036 0.054358590 0.005172220 0.107191168 -0.054377850 0.998513758 0.003659282 -0.006265534 -0.004965619 -0.003935077 0.999979973 0.158137172
0.998656750 0.051547233 -0.005254646 0.123248495 -0.051537398 0.998669088 0.001990295 -0.003657921 0.005350247 -0.001716811 0.999984205 0.157545298
0.998677313 0.051366497 -0.002245767 0.119020261 -0.051363103 0.998678803 0.001544238 -0.002721329 0.002322120 -0.001426846 0.999996305 0.159769088
0.998670220 0.051182192 -0.006178440 0.124705233 -0.051176026 0.998688996 0.001152239 -0.002175473 0.006229312 -0.000834519 0.999980211 0.156328544
0.998726368 0.049749181 -0.008419726 0.129888877 -0.049750187 0.998761714 0.000091094 -0.000914541 0.008413833 0.000327905 0.999964535 0.159987271
0.998674750 0.050693229 -0.008886835 0.130208805 -0.050698187 0.998714089 -0.000334387 -0.000446185 0.008858460 0.000784490 0.999960423 0.160166219
0.998597801 0.051291991 -0.013091854 0.138942182 -0.051296409 0.998683453 -0.000002185 -0.000506910 0.013074509 0.000673747 0.999914289 0.163122118
0.996524096 0.080484018 0.021495473 0.105347350 -0.081012763 0.996400058 0.024976805 -0.027139969 -0.019407857 -0.026631400 0.999456882 0.188065127
0.995178461 0.086886555 0.045502853 0.097825825 -0.088010758 0.995846748 0.023311015 -0.014885103 -0.043288451 -0.027203362 0.998692214 0.190400481
0.993793249 0.087872103 0.068216644 0.084416613 -0.090093933 0.995475352 0.030201521 -0.022531467 -0.065254107 -0.036159977 0.997213304 0.192893803
0.991217017 0.088632144 0.098150156 0.065691546 -0.092360921 0.995141029 0.034113225 -0.024564311 -0.094649717 -0.042878848 0.994586766 0.207121730
0.984492600 0.096653476 0.146398112 0.016592698 -0.102510624 0.994184852 0.032989055 -0.020981403 -0.142358303 -0.047484860 0.988675475 0.203622669
0.985874236 0.095485196 0.137602821 0.035326626 -0.099855505 0.994682729 0.025199238 -0.007132875 -0.134465009 -0.038583685 0.990166903 0.198055193
0.987707853 0.077419698 0.135791719 0.058904473 -0.089634031 0.992231965 0.086264156 -0.109851457 -0.128058329 -0.097375348 0.986974716 0.168979779
0.983441234 0.076051205 0.164498627 0.038157977 -0.093214519 0.990685880 0.099259898 -0.125610337 -0.155417636 -0.112949893 0.981370449 0.167631283
0.983038068 0.076810576 0.166542068 0.035725597 -0.094569243 0.990334749 0.101457648 -0.129603773 -0.157139346 -0.115486495 0.980800748 0.167400926
0.984879732 0.074484788 0.156409547 0.053175878 -0.090776786 0.990864277 0.099737525 -0.126844361 -0.147551671 -0.112427816 0.982643604 0.165184677
0.988192499 0.075010970 0.133599669 0.095748059 -0.088616230 0.991135657 0.098981217 -0.126391679 -0.124990717 -0.109651610 0.986079991 0.159221724
0.989874840 0.074197613 0.121006094 0.118053883 -0.086195059 0.991532505 0.097127154 -0.123638242 -0.112774871 -0.106573842 0.987888575 0.155763224
0.990207613 0.075355701 0.117517084 0.125209421 -0.087639980 0.990799487 0.103128970 -0.133830473 -0.108664513 -0.112418294 0.987701595 0.153468490
0.986425936 0.103566863 0.127427399 0.130679950 -0.116010591 0.988747954 0.094440706 -0.116557725 -0.116212659 -0.107941695 0.987341404 0.157647356
0.988704562 0.108528405 0.103367619 0.176456466 -0.117976949 0.988915443 0.090153575 -0.108539678 -0.092437617 -0.101330228 0.990549088 0.157726824
0.988821745 0.108462431 0.102310702 0.178481147 -0.117919378 0.988806367 0.091416627 -0.110652305 -0.091250204 -0.102459148 0.990543067 0.157282442
0.985224187 0.116212301 0.125809476 0.143725187 -0.127854705 0.987811089 0.088783175 -0.113585912 -0.113958299 -0.103556685 0.988073647 0.135097817
0.984950244 0.118163981 0.126135498 0.144008651 -0.129757211 0.987631738 0.088016056 -0.113300852 -0.114175089 -0.103058450 0.988100708 0.136319146
0.985154510 0.117005736 0.125619292 0.144133598 -0.128614828 0.987724423 0.088649079 -0.113556787 -0.113704808 -0.103489541 0.988109827 0.137150541
0.982336640 0.128310829 0.136202171 0.137536645 -0.140632346 0.986403286 0.085036010 -0.114676051 -0.123439223 -0.102688432 0.987024724 0.101172261
0.982389092 0.128111154 0.136011869 0.137684539 -0.140471146 0.986385226 0.085509762 -0.115212806 -0.123205349 -0.103109576 0.987010062 0.101138331
0.982387602 0.128002703 0.136124209 0.137400553 -0.140385926 0.986389160 0.085605167 -0.115389809 -0.123313747 -0.103207394 0.986986220 0.102351375
0.982482135 0.128448859 0.135017306 0.139582276 -0.140643254 0.986404598 0.085003503 -0.114138976 -0.122263081 -0.102503709 0.987190247 0.102216788
0.982590318 0.127903983 0.134746686 0.139803499 -0.140127152 0.986436605 0.085482173 -0.115009248 -0.121985555 -0.102875635 0.987185955 0.102226563
0.982579887 0.127873033 0.134852007 0.139881238 -0.140095413 0.986449361 0.085387565 -0.114631504 -0.122105911 -0.102792270 0.987179697 0.102398887
0.982568562 0.127337962 0.135440439 0.137536615 -0.139597148 0.986535668 0.085205927 -0.114202537 -0.122766867 -0.102627762 0.987114906 0.104396842
0.982604623 0.127273515 0.135238424 0.138246790 -0.139676496 0.986408532 0.086536869 -0.115902297 -0.122386508 -0.103921175 0.987026751 0.105181694
0.983633101 0.127513930 0.127303421 0.151493296 -0.138796836 0.986746848 0.084060244 -0.111847080 -0.114897415 -0.100353755 0.988295317 0.104924306
0.986707807 0.122990936 0.106211752 0.184633166 -0.132154599 0.987661183 0.084026806 -0.109844297 -0.094566688 -0.096946292 0.990786850 0.108027846
0.987071276 0.122803062 0.103002846 0.190320075 -0.132051572 0.987296760 0.088359237 -0.116883807 -0.090843603 -0.100818560 0.990748882 0.107567415
0.987492323 0.123245344 0.098333389 0.199095175 -0.132175237 0.987118840 0.090144709 -0.120429948 -0.085956812 -0.102014452 0.991062284 0.105212897
0.988929093 0.121830173 0.084716536 0.220825762 -0.129438654 0.987401783 0.091012813 -0.121230975 -0.072561145 -0.100970820 0.992239773 0.104926288
0.988906503 0.121931225 0.084833004 0.220789924 -0.129525393 0.987423122 0.090658046 -0.120950267 -0.072712019 -0.100640371 0.992262304 0.104517557
0.988887310 0.122034408 0.084910132 0.220444396 -0.129682496 0.987344265 0.091288544 -0.121246487 -0.072695196 -0.101285435 0.992197871 0.105858609
0.988676846 0.122330219 0.086909376 0.217407346 -0.130223155 0.987222254 0.091837361 -0.122220300 -0.074564375 -0.102115087 0.991974056 0.105101183
0.988806486 0.122460037 0.085236430 0.219647497 -0.130123243 0.987308383 0.091051362 -0.121005967 -0.073004484 -0.101123437 0.992191672 0.106314249
0.989462614 0.120551191 0.080194227 0.226559907 -0.127592251 0.987790406 0.089388758 -0.117141634 -0.068439163 -0.098678969 0.992763221 0.109770834
0.989758968 0.120744161 0.076144055 0.235779867 -0.127277523 0.987978220 0.087748230 -0.114679068 -0.064633571 -0.096541040 0.993228197 0.102156915
0.990090907 0.120033056 0.072883286 0.240505651 -0.126307964 0.988022149 0.088649318 -0.115747839 -0.061369441 -0.096976615 0.993392885 0.102624893
0.989884794 0.121469967 0.073300853 0.240589559 -0.127773300 0.987847030 0.088499986 -0.115632080 -0.061659947 -0.096970700 0.993375421 0.102445729
0.989982247 0.120941393 0.072858430 0.240461558 -0.127211422 0.987906873 0.088640541 -0.115097448 -0.061257038 -0.097020984 0.993395448 0.103412941
0.990065336 0.119033188 0.074844949 0.236681208 -0.125297204 0.988431633 0.085459627 -0.111034796 -0.063806593 -0.093988493 0.993526399 0.104388408
0.988190353 0.123108640 0.091235541 0.209699526 -0.131185099 0.987395108 0.088551372 -0.117464848 -0.079184070 -0.099474356 0.991884351 0.106765620
0.989012837 0.124388449 0.079880908 0.228875846 -0.131626144 0.986943007 0.092833623 -0.124323308 -0.067290492 -0.102328062 0.992472291 0.107199550
0.988187969 0.115531720 0.100682743 0.189136311 -0.123270549 0.989583611 0.074353926 -0.091414660 -0.091043748 -0.085886851 0.992136240 0.121970288
0.991968691 0.109354027 0.063559636 0.250274956 -0.113020599 0.991940677 0.057271723 -0.062713608 -0.056784492 -0.063995294 0.996333480 0.116459846
0.991715550 0.117247269 0.052470922 0.266229481 -0.121675126 0.988375783 0.091150872 -0.116405092 -0.041173797 -0.096780151 0.994453788 0.128371447
0.992461443 0.115176760 0.041886818 0.285992593 -0.118509099 0.989004612 0.088461779 -0.110598661 -0.031237511 -0.092758894 0.995198488 0.128958583
0.991916239 0.117410272 0.048134658 0.275722623 -0.121680968 0.987687469 0.098321654 -0.127328724 -0.035998020 -0.103383921 0.993989885 0.128181368
0.992735803 0.114473067 0.037032936 0.295302182 -0.116994768 0.990282774 0.075180985 -0.087184906 -0.028066875 -0.078967527 0.996482015 0.133016959
0.992793560 0.113879710 0.037314583 0.294994324 -0.116585560 0.989882171 0.080877058 -0.097485892 -0.027726786 -0.084644549 0.996025383 0.132139564
0.992665827 0.114036433 0.040131032 0.290976137 -0.117032051 0.989691436 0.082549237 -0.099369004 -0.030303719 -0.086640418 0.995778620 0.134214386
0.992799342 0.113222569 0.039116852 0.293335319 -0.116121866 0.989829183 0.082182184 -0.098759368 -0.029414129 -0.086132728 0.995849431 0.134366632
0.992799342 0.113222569 0.039116852 0.293335319 -0.116121866 0.989829183 0.082182184 -0.098759368 -0.029414129 -0.086132728 0.995849431 0.134366632
0.992799342 0.113222569 0.039116852 0.293335319 -0.116121866 0.989829183 0.082182184 -0.098759368 -0.029414129 -0.086132728 0.995849431 0.134366632
0.992799342 0.113222569 0.039116852 0.293335319 -0.116121866 0.989829183 0.082182184 -0.098759368 -0.029414129 -0.086132728 0.995849431 0.134366632
0.992799342 0.113222569 0.039116852 0.293335319 -0.116121866 0.989829183 0.082182184 -0.098759368 -0.029414129 -0.086132728 0.995849431 0.134366632
0.992799342 0.113222569 0.039116852 0.293335319 -0.116121866 0.989829183 0.082182184 -0.098759368 -0.029414129 -0.086132728 0.995849431 0.134366632
0.992799342 0.113222569 0.039116852 0.293335319 -0.116121866 0.989829183 0.082182184 -0.098759368 -0.029414129 -0.086132728 0.995849431 0.134366632
0.992799342 0.113222569 0.039116852 0.293335319 -0.116121866 0.989829183 0.082182184 -0.098759368 -0.029414129 -0.086132728 0.995849431 0.134366632
0.992799342 0.113222569 0.039116852 0.293335319 -0.116121866 0.989829183 0.082182184 -0.098759368 -0.029414129 -0.086132728 0.995849431 0.134366632
0.992799342 0.113222569 0.039116852 0.293335319 -0.116121866 0.989829183 0.082182184 -0.098759368 -0.029414129 -0.086132728 0.995849431 0.134366632
0.992799342 0.113222569 0.039116852 0.293335319 -0.116121866 0.989829183 0.082182184 -0.098759368 -0.029414129 -0.086132728 0.995849431 0.134366632
0.992799342 0.113222569 0.039116852 0.293335319 -0.116121866 0.989829183 0.082182184 -0.098759368 -0.029414129 -0.086132728 0.995849431 0.134366632
0.992799342 0.113222569 0.039116852 0.293335319 -0.116121866 0.989829183 0.082182184 -0.098759368 -0.029414129 -0.086132728 0.995849431 0.134366632
0.992799342 0.113222569 0.039116852 0.293335319 -0.116121866 0.989829183 0.082182184 -0.098759368 -0.029414129 -0.086132728 0.995849431 0.134366632
0.992799342 0.113222569 0.039116852 0.293335319 -0.116121866 0.989829183 0.082182184 -0.098759368 -0.029414129 -0.086132728 0.995849431 0.134366632
0.992799342 0.113222569 0.039116852 0.293335319 -0.116121866 0.989829183 0.082182184 -0.098759368 -0.029414129 -0.086132728 0.995849431 0.134366632
0.992799342 0.113222569 0.039116852 0.293335319 -0.116121866 0.989829183 0.082182184 -0.098759368 -0.029414129 -0.086132728 0.995849431 0.134366632
0.992799342 0.113222569 0.039116852 0.293335319 -0.116121866 0.989829183 0.082182184 -0.098759368 -0.029414129 -0.086132728 0.995849431 0.134366632
0.992799342 0.113222569 0.039116852 0.293335319 -0.116121866 0.989829183 0.082182184 -0.098759368 -0.029414129 -0.086132728 0.995849431 0.134366632
