1.000000000 0.000000000 0.000000000 0.000000000 0.000000000 1.000000000 0.000000000 0.000000000 0.000000000 0.000000000 1.000000000 0.000000000
0.999995768 0.002897451 0.000249390 0.003266687 -0.002898542 0.999985754 0.004488440 -0.005340805 -0.000236381 -0.004489144 0.999989867 0.111958362
0.999995947 0.002655773 -0.001005651 0.006581329 -0.002650155 0.999981105 0.005547911 -0.007503550 0.001020366 -0.005545222 0.999984086 0.186433151
0.999989748 0.000299925 -0.004497919 0.008771879 -0.000282945 0.999992847 0.003775269 -0.013780273 0.004499020 -0.003773957 0.999982774 0.286477715
0.999970734 0.000443186 -0.007639859 0.013815288 -0.000413003 0.999992073 0.003951837 -0.017046658 0.007641551 -0.003948566 0.999962986 0.363212079
0.999950469 -0.001642084 -0.009810138 0.014707088 0.001670813 0.999994338 0.002921002 -0.019629981 0.009805284 -0.002937249 0.999947608 0.447366267
0.999922574 -0.003506884 -0.011934264 0.016406137 0.003532337 0.999991536 0.002112351 -0.025740176 0.011926755 -0.002154343 0.999926567 0.513312757
0.999887526 -0.004211521 -0.014390384 0.019972486 0.004218144 0.999990940 0.000429933 -0.030329250 0.014388444 -0.000490585 0.999896288 0.581501186
0.999887288 -0.002361106 -0.014824114 0.019286629 0.002393838 0.999994695 0.002190681 -0.033172403 0.014818859 -0.002225920 0.999887764 0.658740222
0.999762654 -0.001303825 -0.021746097 0.014740653 0.001411021 0.999986947 0.004914806 -0.040360995 0.021739405 -0.004944324 0.999751449 0.747379541
0.999516487 -0.002046304 -0.031025557 0.012730531 0.002151285 0.999992073 0.003350695 -0.041735519 0.031018451 -0.003415819 0.999512970 0.807119012
0.998960495 -0.005138895 -0.045292586 0.014470756 0.005311924 0.999979019 0.003700722 -0.044427257 0.045272615 -0.003937466 0.998966932 0.890913606
0.998537958 -0.006017241 -0.053717501 0.011153016 0.006199237 0.999975562 0.003222032 -0.049510501 0.053696796 -0.003550329 0.998550951 0.942839622
0.997734129 -0.003323650 -0.067197837 0.004967891 0.003340921 0.999994397 0.000144640 -0.051317353 0.067196988 -0.000368815 0.997739613 1.022785664
0.997097790 -0.003351417 -0.076057374 -0.008215502 0.003293384 0.999994218 -0.000888426 -0.055824973 0.076059900 0.000635362 0.997103095 1.068817019
0.995488226 -0.004712229 -0.094769165 -0.008959860 0.004457057 0.999985814 -0.002904051 -0.055811226 0.094781533 0.002468557 0.995494962 1.119996309
0.994301617 -0.005876161 -0.106441706 -0.012611367 0.005666448 0.999981344 -0.002272546 -0.059705418 0.106453091 0.001656450 0.994316280 1.154793501
0.993246734 -0.003674711 -0.115963534 -0.027450465 0.003423262 0.999991357 -0.002367438 -0.062390134 0.115971223 0.001954477 0.993250608 1.240855932
0.992826760 -0.000153990 -0.119561732 -0.044843361 -0.000208273 0.999995351 -0.003017424 -0.067563176 0.119561657 0.003020681 0.992822111 1.326027870
0.992374599 0.001416230 -0.123249747 -0.052371353 -0.001931520 0.999989867 -0.004061468 -0.068003617 0.123242743 0.004268558 0.992367387 1.385997295
0.991934657 0.000413218 -0.126749784 -0.060282744 -0.000693521 0.999997377 -0.002167346 -0.073613554 0.126748562 0.002237769 0.991932333 1.461658120
0.991970003 0.001576935 -0.126462981 -0.067863092 -0.001359763 0.999997497 0.001803585 -0.072683536 0.126465499 -0.001617142 0.991969705 1.523195982
0.991992593 0.002407321 -0.126272500 -0.075623930 -0.001768722 0.999985099 0.005169188 -0.075207211 0.126283050 -0.004904457 0.991982102 1.614245057
0.992070436 0.002631023 -0.125655636 -0.083649278 -0.002295001 0.999993384 0.002818844 -0.079778083 0.125662223 -0.002508112 0.992069900 1.693416476
0.992134631 0.001139531 -0.125169903 -0.089550495 -0.000687647 0.999993086 0.003653315 -0.084151320 0.125173211 -0.003538508 0.992128611 1.769441843
0.992541730 0.000663741 -0.121903449 -0.095315009 -0.000408832 0.999997675 0.002116069 -0.088332824 0.121904559 -0.002050449 0.992539644 1.859793544
0.992854714 -0.000890936 -0.119326964 -0.099800557 0.001031842 0.999998808 0.001119061 -0.092285849 0.119325861 -0.001234191 0.992854357 1.925332308
0.993210435 -0.001767359 -0.116318040 -0.101937622 0.001829587 0.999998212 0.000428208 -0.094276361 0.116317078 -0.000638115 0.993211925 1.995606184
0.993435681 -0.003272493 -0.114344843 -0.105257347 0.003296795 0.999994576 0.000023419 -0.096618451 0.114344142 -0.000400237 0.993441164 2.053826571
0.993757904 -0.001307428 -0.111550465 -0.116745472 0.001336247 0.999999225 0.000183583 -0.100794174 0.111550130 -0.000331497 0.993758738 2.137087822
0.993832827 -0.001357658 -0.110880405 -0.126844436 0.001459051 0.999998689 0.000833302 -0.105501592 0.110879101 -0.000989943 0.993833542 2.211297035
0.993439436 -0.003906800 -0.114292495 -0.130018339 0.004171654 0.999989152 0.002078244 -0.107673615 0.114283137 -0.002541397 0.993444979 2.299309969
0.993261814 -0.006704138 -0.115697533 -0.134300277 0.007280554 0.999963105 0.004560233 -0.112002730 0.115662687 -0.005371848 0.993273973 2.397551298
0.993087351 -0.008205742 -0.117090628 -0.138205796 0.008919806 0.999944687 0.005575674 -0.117002644 0.117038392 -0.006581558 0.993105650 2.465037584
0.992906034 -0.007981122 -0.118632838 -0.146704063 0.008654989 0.999949217 0.005166165 -0.119625591 0.118585572 -0.006156282 0.992924750 2.585284948
0.993115246 -0.007529507 -0.116899543 -0.158342078 0.007937491 0.999963939 0.003024895 -0.127139106 0.116872557 -0.003931957 0.993139148 2.676639795
0.993102849 -0.005561694 -0.117114857 -0.166964084 0.005775581 0.999982297 0.001487023 -0.127097502 0.117104515 -0.002153173 0.993117273 2.763106823
0.992967725 -0.005493549 -0.118257858 -0.169121012 0.005404939 0.999984801 -0.001069987 -0.132800162 0.118261941 0.000423286 0.992982447 2.818523645
0.992748797 -0.007353148 -0.119981684 -0.175064087 0.007224203 0.999972761 -0.001509622 -0.136010319 0.119989507 0.000631904 0.992774963 2.902996063
0.992762864 -0.007879746 -0.119831651 -0.178831071 0.007831126 0.999968886 -0.000876648 -0.140873030 0.119834840 -0.000068113 0.992793858 2.992479086
0.992927074 -0.008719598 -0.118405081 -0.190611526 0.008427921 0.999960005 -0.002963898 -0.147889987 0.118426219 0.001945027 0.992960930 3.056425333
0.992517948 -0.012103187 -0.121497579 -0.192932159 0.011489231 0.999917328 -0.005752556 -0.151377022 0.121557184 0.004313602 0.992574990 3.120388746
0.992230535 -0.013123037 -0.123718500 -0.193256021 0.012907706 0.999913394 -0.002541903 -0.151076749 0.123741157 0.000925232 0.992314100 3.207274437
0.992851734 -0.006327646 -0.119186379 -0.212233365 0.006904892 0.999966323 0.004430873 -0.159939349 0.119154342 -0.005222170 0.992861927 3.313180447
0.992777348 0.000732647 -0.119969457 -0.228408888 -0.000176361 0.999989152 0.004647440 -0.165355355 0.119971581 -0.004592714 0.992766678 3.403511286
0.991851330 0.001459343 -0.127392441 -0.236325204 -0.000975680 0.999992013 0.003858959 -0.169815704 0.127397045 -0.003703219 0.991844893 3.495972633
0.991541922 0.001165959 -0.129782259 -0.242956027 -0.001185028 0.999999344 -0.000069709 -0.176379248 0.129782110 0.000222914 0.991542459 3.548510790
0.991382480 0.003224521 -0.130960107 -0.256247938 -0.003503805 0.999992073 -0.001902232 -0.185664237 0.130952939 0.002344698 0.991385698 3.629203796
0.991048098 0.003937846 -0.133447170 -0.266393512 -0.004303122 0.999987721 -0.002448934 -0.184174001 0.133435890 0.003001251 0.991052926 3.702531338
0.991205037 0.001709932 -0.132323712 -0.292658329 -0.001980001 0.999996185 -0.001909414 -0.184783399 0.132319942 0.002154622 0.991204739 3.762221575
0.989089012 -0.005744866 -0.147207245 -0.273994148 0.006270524 0.999975502 0.003107059 -0.189592421 0.147185773 -0.003996223 0.989100814 3.870835543
0.988759458 -0.009322013 -0.149224281 -0.281763017 0.009828452 0.999948144 0.002656715 -0.196249604 0.149191782 -0.004093495 0.988799810 3.972384691
0.989222288 -0.003522313 -0.146378800 -0.300613463 0.004213981 0.999981403 0.004415382 -0.196885556 0.146360531 -0.004984632 0.989218771 4.065924168
0.989454269 -0.000436771 -0.144845083 -0.321176022 0.001140602 0.999987900 0.004776185 -0.201660424 0.144841269 -0.004891028 0.989442945 4.163865089
0.989065170 -0.000863322 -0.147476733 -0.330079436 0.001194246 0.999996901 0.002155380 -0.203543633 0.147474423 -0.002307934 0.989063203 4.219053268
0.988671660 -0.000323339 -0.150094032 -0.335577786 0.000906619 0.999992311 0.003817686 -0.209632784 0.150091633 -0.003910516 0.988664448 4.313004494
0.988786221 0.005328611 -0.149242476 -0.352185607 -0.004929852 0.999983251 0.003041701 -0.214147568 0.149256200 -0.002271849 0.988795877 4.412143230
0.988267958 0.007377391 -0.152551278 -0.360230327 -0.006943981 0.999970198 0.003373666 -0.221560821 0.152571604 -0.002274774 0.988289773 4.502352238
0.987648547 0.004203598 -0.156629354 -0.367487550 -0.003879113 0.999989629 0.002377297 -0.222539485 0.156637713 -0.001740350 0.987654567 4.590712547
0.987742841 0.003953133 -0.156039760 -0.375920624 -0.003460724 0.999988258 0.003427206 -0.227606788 0.156051427 -0.002845188 0.987744749 4.655307293
0.988243401 0.004646962 -0.152818158 -0.413210690 -0.004190884 0.999985754 0.003306428 -0.220757872 0.152831331 -0.002627112 0.988248706 4.676379681
0.987829804 0.004628045 -0.155470714 -0.426100433 -0.004249291 0.999987066 0.002768423 -0.226552010 0.155481517 -0.002074090 0.987836540 4.787749290
0.987437487 0.001666438 -0.158001512 -0.431403965 -0.001244961 0.999995351 0.002766489 -0.236240283 0.158005401 -0.002535029 0.987434983 4.881389141
0.987510264 0.003267313 -0.157520786 -0.444449753 -0.002812916 0.999991298 0.003107526 -0.240822583 0.157529593 -0.002625621 0.987510681 4.979596615
0.987044692 0.002090261 -0.160432845 -0.454717249 -0.001820230 0.999996603 0.001830093 -0.243798047 0.160436124 -0.001514358 0.987045050 5.058660030
0.986888051 -0.000375326 -0.161406249 -0.463823259 0.001372714 0.999980628 0.006067898 -0.256808102 0.161400840 -0.006209900 0.986869395 5.144128799
0.986904979 0.001924969 -0.161291361 -0.475837916 -0.000696895 0.999970257 0.007670233 -0.249625847 0.161301345 -0.007457388 0.986877024 5.247291565
0.986966670 0.004051425 -0.160874113 -0.494820863 -0.002926272 0.999969542 0.007230307 -0.255972892 0.160898522 -0.006665310 0.986948431 5.332342148
0.986366987 0.004021164 -0.164511472 -0.510266781 -0.003129224 0.999978960 0.005680555 -0.260767221 0.164530843 -0.005088318 0.986358821 5.448557377
0.986292481 0.004442790 -0.164947152 -0.528986931 -0.004273681 0.999989927 0.001380109 -0.266834199 0.164951622 -0.000656259 0.986301482 5.545892239
0.986073852 0.006191054 -0.166192457 -0.537211537 -0.006276500 0.999980330 0.000011059 -0.272231251 0.166189253 0.001032203 0.986093283 5.616477966
0.986105740 0.005979587 -0.166011736 -0.551082551 -0.006780975 0.999967933 -0.004260909 -0.279439360 0.165980950 0.005327428 0.986114562 5.702241898
0.985994160 0.007564734 -0.166608736 -0.563295841 -0.008164369 0.999962389 -0.002914421 -0.281328082 0.166580468 0.004233857 0.986018777 5.786843777
0.986225903 0.007468421 -0.165235817 -0.577024400 -0.008699583 0.999939501 -0.006728458 -0.287266552 0.165175572 0.008073261 0.986231148 5.883955956
0.985954940 0.005991575 -0.166903690 -0.587510228 -0.007913657 0.999909699 -0.010853415 -0.295286685 0.166823611 0.012021797 0.985913455 5.957663059
0.985516727 0.002718495 -0.169556379 -0.594885349 -0.003594127 0.999981701 -0.004857537 -0.300098300 0.169540063 0.005396591 0.985508442 6.049154282
0.985864341 0.000760838 -0.167543858 -0.607301474 -0.001499724 0.999989629 -0.004283619 -0.310644835 0.167538866 0.004474335 0.985855341 6.150618553
0.987331927 0.005305714 -0.158579439 -0.620637655 -0.005633207 0.999982774 -0.001615735 -0.311849654 0.158568129 0.002488578 0.987344921 6.237473011
0.988384426 0.003163068 -0.151941389 -0.628281713 -0.003820021 0.999984562 -0.004032019 -0.318731219 0.151926339 0.004565605 0.988381207 6.328075409
0.989177048 0.000621312 -0.146725446 -0.633195877 -0.001612271 0.999976635 -0.006635001 -0.324036628 0.146717921 0.006799750 0.989155114 6.417375565
0.990508437 0.003363295 -0.137410626 -0.641966343 -0.003702579 0.999990642 -0.002213599 -0.326482296 0.137401894 0.002701362 0.990511656 6.510608196
0.992011666 0.006461797 -0.125980094 -0.655032575 -0.006949806 0.999969959 -0.003434564 -0.333568543 0.125954077 0.004282665 0.992026806 6.598803997
0.992522538 0.003453770 -0.122013681 -0.659072101 -0.003776807 0.999989927 -0.002416370 -0.338734448 0.122004129 0.002859124 0.992525458 6.685403824
0.992541254 0.001645710 -0.121897466 -0.664627433 -0.001431686 0.999997258 0.001843339 -0.340342283 0.121900164 -0.001655071 0.992541015 6.781007767
0.992798984 0.003193237 -0.119749606 -0.675475538 -0.003022230 0.999994159 0.001609623 -0.346535265 0.119754046 -0.001236121 0.992802739 6.873373032
0.992782712 0.003464651 -0.119876824 -0.685353816 -0.003294211 0.999993205 0.001619930 -0.349553466 0.119881637 -0.001213339 0.992787361 6.967685223
0.992751181 0.000836091 -0.120184697 -0.690586269 -0.000815262 0.999999642 0.000222480 -0.356043816 0.120184839 -0.000122885 0.992751539 7.056707859
0.993245244 0.000704302 -0.116030730 -0.708480895 -0.000648652 0.999999642 0.000517370 -0.361476213 0.116031073 -0.000438612 0.993245423 7.173599720
0.993037999 0.000965422 -0.117790453 -0.710651517 -0.000970320 0.999999523 0.000015760 -0.368431419 0.117790416 0.000098644 0.993038476 7.265211105
0.992905617 -0.001646821 -0.118893757 -0.716529846 0.001612207 0.999998629 -0.000387317 -0.373234302 0.118894234 0.000192888 0.992906868 7.356818676
0.992931724 -0.002870419 -0.118652195 -0.722106457 0.003001731 0.999994993 0.000928004 -0.375553459 0.118648954 -0.001277607 0.992935419 7.449076176
0.993178189 -0.001026699 -0.116602212 -0.733310699 0.001534575 0.999989748 0.004265941 -0.379562914 0.116596647 -0.004415774 0.993169546 7.540758610
0.993231237 0.002473736 -0.116127610 -0.744426489 -0.001622895 0.999971151 0.007420753 -0.380616963 0.116142631 -0.007182061 0.993206561 7.637089729
0.993289709 0.004262618 -0.115574107 -0.756371260 -0.003547713 0.999973297 0.006390675 -0.385911226 0.115598261 -0.005937770 0.993278325 7.727012157
0.993021548 0.004243759 -0.117856815 -0.763642669 -0.003412999 0.999967933 0.007249814 -0.393909395 0.117883816 -0.006796975 0.993004084 7.823448181
0.993099034 0.005563489 -0.117146961 -0.773874879 -0.004701828 0.999959826 0.007630461 -0.396707743 0.117184721 -0.007026998 0.993085265 7.905982971
0.993100464 0.005233275 -0.117149875 -0.791187644 -0.004474609 0.999967337 0.006738111 -0.408160657 0.117181316 -0.006167421 0.993091404 7.994293690
0.992794693 0.005133388 -0.119718023 -0.794805527 -0.004527057 0.999975502 0.005336071 -0.408109546 0.119742483 -0.004755650 0.992793620 8.077972412
0.992580771 0.005010366 -0.121483587 -0.802547932 -0.004406564 0.999976575 0.005238378 -0.410456598 0.121506996 -0.004664188 0.992579579 8.196501732
0.992548466 0.006699246 -0.121666521 -0.817706347 -0.006001545 0.999963403 0.006100086 -0.416089952 0.121702954 -0.005324444 0.992552280 8.296418190
0.992035329 0.006270027 -0.125803620 -0.821470499 -0.005864733 0.999976277 0.003591756 -0.421155214 0.125823200 -0.002825345 0.992048681 8.376656532
0.991709173 0.006205353 -0.128351659 -0.835740089 -0.005813947 0.999977231 0.003423916 -0.428052962 0.128370002 -0.002649300 0.991722822 8.467696190
0.991293848 0.007660487 -0.131445125 -0.842768431 -0.007520802 0.999970436 0.001559096 -0.430452257 0.131453186 -0.000556949 0.991322339 8.556867599
0.990728617 0.007351217 -0.135655776 -0.852207303 -0.007309292 0.999972880 0.000807133 -0.436061442 0.135658026 0.000191897 0.990755677 8.640758514
0.990338385 0.007618228 -0.138462678 -0.866464794 -0.007465616 0.999970794 0.001621521 -0.436943769 0.138470992 -0.000572145 0.990366399 8.729063988
0.990133584 0.009486547 -0.139805377 -0.875835776 -0.009749806 0.999951720 -0.001198223 -0.444967389 0.139787257 0.002549475 0.990178287 8.815819740
0.989230573 0.009812929 -0.146036118 -0.878004670 -0.010371652 0.999941468 -0.003064984 -0.450953811 0.145997494 0.004546610 0.989274502 8.888563156
0.988612413 0.009911470 -0.150157616 -0.897148490 -0.009681854 0.999950588 0.002260152 -0.450662225 0.150172591 -0.000780611 0.988659501 8.989482880
0.987430990 0.009455909 -0.157767326 -0.901885688 -0.009205957 0.999954939 0.002315023 -0.449967563 0.157782137 -0.000833526 0.987473607 9.071081161
0.987003148 0.010005911 -0.160389841 -0.923499942 -0.009930951 0.999949813 0.001268983 -0.461474508 0.160394520 0.000340333 0.987052917 9.170102119
0.986463368 0.012429146 -0.163509548 -0.942468345 -0.013282196 0.999903202 -0.004124865 -0.466873109 0.163442478 0.006240794 0.986533105 9.275184631
0.985834002 0.013211844 -0.167202577 -0.953750014 -0.014320786 0.999882698 -0.005428302 -0.471913099 0.167111278 0.007745877 0.985907614 9.363791466
0.985567749 0.011930990 -0.168860361 -0.976535082 -0.013513156 0.999874890 -0.008223567 -0.479894966 0.168741152 0.010386719 0.985605657 9.477987289
0.985236406 0.011351431 -0.170822695 -0.993002117 -0.012610807 0.999900699 -0.006289107 -0.486199111 0.170734376 0.008350469 0.985281706 9.582670212
0.985100687 0.011331001 -0.171604946 -1.002927303 -0.012139114 0.999919593 -0.003660493 -0.489567161 0.171549663 0.005689086 0.985159039 9.671829224
0.985175669 0.013163349 -0.171042696 -1.027140379 -0.012704199 0.999912143 0.003778726 -0.504067957 0.171077400 -0.001549748 0.985256314 9.799164772
0.985148668 0.017453102 -0.170814231 -1.040729046 -0.017257866 0.999847531 0.002627886 -0.502784252 0.170834064 0.000359031 0.985299766 9.888201714
0.984016240 0.015480596 -0.177404284 -1.043063283 -0.015578152 0.999878287 0.000843015 -0.512295127 0.177395716 0.001934090 0.984137714 9.978223801
0.984117448 0.010735689 -0.177193582 -1.066356182 -0.010938238 0.999940097 -0.000166283 -0.513671458 0.177181154 0.002101827 0.984175980 10.098269463
0.984184802 0.010195965 -0.176851004 -1.084228039 -0.010235323 0.999947309 0.000689726 -0.523415923 0.176848710 0.001131310 0.984237313 10.200506210
0.984350860 0.007098480 -0.176077083 -1.097335935 -0.007454009 0.999971211 -0.001357832 -0.529317319 0.176062390 0.002649063 0.984375417 10.309682846
0.984523118 0.005643246 -0.175163850 -1.110085249 -0.005970958 0.999981403 -0.001343921 -0.536660552 0.175152987 0.002369019 0.984538376 10.410458565
0.984763920 0.005287324 -0.173815891 -1.123278856 -0.005294146 0.999985993 0.000424381 -0.539547265 0.173815683 0.000502292 0.984778047 10.540617943
0.985213757 0.006871198 -0.171192005 -1.141409636 -0.006333513 0.999973178 0.003686788 -0.554807723 0.171212718 -0.002548026 0.985230803 10.639513969
0.985370696 0.005357285 -0.170340523 -1.155177236 -0.004785703 0.999981523 0.003765952 -0.551830590 0.170357510 -0.002895657 0.985378027 10.748901367
0.985996842 0.008533075 -0.166545391 -1.171376228 -0.007689017 0.999954104 0.005712179 -0.554856896 0.166586488 -0.004351619 0.986017227 10.812714577
0.987158954 0.008748913 -0.159501135 -1.218843699 -0.007284117 0.999925792 0.009765958 -0.560719609 0.159574717 -0.008478727 0.987149477 10.934694290
0.986876845 0.011779444 -0.161044300 -1.223825932 -0.010675217 0.999913216 0.007720207 -0.564510584 0.161121249 -0.005899711 0.986916959 11.029333115
0.986433029 0.012991677 -0.163648948 -1.229137421 -0.012116972 0.999906421 0.006342107 -0.575062513 0.163716033 -0.004273134 0.986498237 11.118778229
0.985798717 0.013480055 -0.167389244 -1.232551694 -0.012610764 0.999900877 0.006255146 -0.582220495 0.167456985 -0.004055407 0.985871077 11.213485718
0.985762179 0.010152755 -0.167838350 -1.252673149 -0.010145503 0.999948084 0.000900710 -0.584537029 0.167838782 0.000814919 0.985814154 11.321636200
0.985837102 0.008167599 -0.167506427 -1.265440941 -0.009043701 0.999949038 -0.004468085 -0.579216838 0.167461425 0.005919683 0.985860825 11.403789520
0.986836910 0.011486384 -0.161310270 -1.296324968 -0.012290838 0.999916494 -0.003989989 -0.597367167 0.161250964 0.005920107 0.986895561 11.485428810
0.987963855 0.009979918 -0.154363215 -1.293854237 -0.010761750 0.999933064 -0.004230077 -0.598917305 0.154310673 0.005840381 0.988005042 11.600286484
0.989396155 0.008877883 -0.144970268 -1.298835278 -0.009435052 0.999950469 -0.003156232 -0.603343368 0.144935071 0.004490566 0.989430964 11.667589188
0.992037296 0.007830478 -0.125700146 -1.303172946 -0.007964235 0.999968171 -0.000561584 -0.607547641 0.125691727 0.001558218 0.992068172 11.766208649
0.994063020 0.004660143 -0.108706094 -1.314025521 -0.004179288 0.999980450 0.004650872 -0.611984372 0.108725645 -0.004168945 0.994063020 11.873010635
0.995097935 0.001373441 -0.098884746 -1.321584582 -0.000534243 0.999963582 0.008512592 -0.604043007 0.098892823 -0.008418037 0.995062470 11.982928276
0.995468795 0.001075498 -0.095083542 -1.329415441 0.000236068 0.999904871 0.013781499 -0.606480956 0.095089331 -0.013741496 0.995373905 12.097681999
0.995623291 -0.000761031 -0.093453556 -1.347901344 0.001659890 0.999953091 0.009540893 -0.595445216 0.093441918 -0.009654259 0.995577872 12.198221207
0.995505035 0.001347053 -0.094698265 -1.353997231 -0.000413560 0.999951124 0.009876490 -0.620428026 0.094706938 -0.009792931 0.995456994 12.277267456
0.995019078 -0.000306566 -0.099683881 -1.365898132 0.001252811 0.999954760 0.009429981 -0.623373508 0.099676482 -0.009507897 0.994974434 12.368831635
0.994012952 0.002219298 -0.109239765 -1.368056774 -0.001387759 0.999969482 0.007687489 -0.630713284 0.109253496 -0.007489864 0.993985832 12.479089737
0.993529141 0.000039637 -0.113577381 -1.379826903 0.000360079 0.999993801 0.003498812 -0.623648047 0.113576815 -0.003517068 0.993523061 12.566620827
0.993532717 0.000863425 -0.113542378 -1.386608720 -0.000399902 0.999991536 0.004105087 -0.625414073 0.113544941 -0.004033133 0.993524730 12.601723671
0.993486345 0.005470428 -0.113819830 -1.387437344 -0.004692518 0.999963701 0.007101376 -0.640966237 0.113854550 -0.006521019 0.993476033 12.649505615
0.993611693 0.005927050 -0.112696625 -1.395707607 -0.005113796 0.999958813 0.007504018 -0.642504930 0.112736464 -0.006879773 0.993601143 12.684698105
0.993526042 0.006631198 -0.113410056 -1.404288888 -0.005995791 0.999964297 0.005942917 -0.641348243 0.113445409 -0.005224460 0.993530571 12.754507065
0.993405879 0.007138382 -0.114428081 -1.405902863 -0.006450739 0.999958754 0.006378559 -0.645222068 0.114468887 -0.005598353 0.993411005 12.789000511
0.993346810 0.005788643 -0.115015998 -1.417177200 -0.005032533 0.999963701 0.006863248 -0.651566029 0.115051568 -0.006238763 0.993339896 12.860635757
0.993405223 0.003137749 -0.114613518 -1.423214555 -0.002428985 0.999977112 0.006323086 -0.650981486 0.114630722 -0.006002991 0.993390143 12.891363144
0.993305087 0.004162874 -0.115444660 -1.426977634 -0.003262754 0.999962747 0.007984856 -0.659649909 0.115473598 -0.007554731 0.993281901 12.964086533
0.993503094 0.002733400 -0.113771819 -1.434277058 -0.001792172 0.999963284 0.008374406 -0.660871387 0.113790527 -0.008116100 0.993471622 12.997959137
0.993522942 0.003818439 -0.113567360 -1.434999704 -0.003466172 0.999988556 0.003299126 -0.649175882 0.113578655 -0.002884113 0.993524849 13.040586472
0.993634880 0.002225596 -0.112626500 -1.445432067 -0.002028597 0.999996245 0.001863706 -0.648461282 0.112630218 -0.001623369 0.993635595 13.098090172
0.993613422 0.002296831 -0.112814136 -1.448261857 -0.002080709 0.999995768 0.002033437 -0.649150312 0.112818331 -0.001785716 0.993614018 13.126494408
0.993343592 0.002849090 -0.115154333 -1.451495647 -0.002553181 0.999993026 0.002717088 -0.650912523 0.115161292 -0.002404992 0.993343890 13.199382782
0.993426502 0.003507518 -0.114417456 -1.462077618 -0.002952396 0.999983072 0.005020818 -0.665729523 0.114433132 -0.004650008 0.993420064 13.284598351
0.993384123 0.003897311 -0.114772171 -1.464059353 -0.003351838 0.999982178 0.004945265 -0.666720271 0.114789397 -0.004527850 0.993379474 13.317498207
0.993375599 0.005582040 -0.114776656 -1.473167300 -0.004928465 0.999970019 0.005977308 -0.671042979 0.114806578 -0.005372040 0.993373334 13.385674477
0.993432462 0.005555391 -0.114284121 -1.479022741 -0.005101132 0.999977946 0.004266894 -0.666587114 0.114305288 -0.003655893 0.993438900 13.409560204
0.993405223 0.004998636 -0.114546709 -1.489601851 -0.004656138 0.999983907 0.003257388 -0.670576632 0.114561126 -0.002702561 0.993412495 13.467500687
0.993297577 0.006888731 -0.115379058 -1.490103841 -0.006591725 0.999973953 0.002955538 -0.674171984 0.115396410 -0.002175182 0.993317127 13.506422043
0.992936313 0.004908988 -0.118546203 -1.494101286 -0.004919502 0.999987841 0.000203936 -0.667444468 0.118545763 0.000380693 0.992948532 13.579769135
0.992811859 0.002619145 -0.119656198 -1.501674771 -0.002685487 0.999996245 -0.000393192 -0.669454277 0.119654715 0.000711700 0.992815316 13.643247604
0.992690563 0.002137231 -0.120668024 -1.507699013 -0.002460881 0.999993682 -0.002533196 -0.669392169 0.120661855 0.002811630 0.992689729 13.704644203
0.992667317 0.001582381 -0.120867580 -1.509465814 -0.001997548 0.999992549 -0.003313804 -0.669647634 0.120861441 0.003530943 0.992663085 13.735078812
0.992794454 0.003136856 -0.119788289 -1.520589113 -0.003542867 0.999988675 -0.003176580 -0.682048500 0.119776964 0.003578085 0.992794394 13.846327782
0.992990851 0.002138244 -0.118171178 -1.530185103 -0.002881487 0.999977112 -0.006119045 -0.677077770 0.118155397 0.006416665 0.992974341 13.910193443
0.993009984 0.003223069 -0.117985725 -1.537412047 -0.003762827 0.999983430 -0.004352298 -0.682463944 0.117969744 0.004765836 0.993005753 13.980558395
0.993031740 0.002942984 -0.117810301 -1.541492939 -0.003549573 0.999981463 -0.004939373 -0.676655710 0.117793605 0.005323131 0.993023753 13.995926857
0.993065000 0.000618909 -0.117564097 -1.558058023 -0.001295544 0.999983013 -0.005679123 -0.681229413 0.117558591 0.005792047 0.993049026 14.088217735
0.992645204 0.001470728 -0.121050984 -1.552294970 -0.002247833 0.999977708 -0.006283349 -0.686071455 0.121039063 0.006509239 0.992626369 14.150556564
0.992449522 0.006121735 -0.122500673 -1.542263985 -0.006258590 0.999980211 -0.000732407 -0.706076205 0.122493744 0.001493558 0.992468119 14.211525917
0.992675543 0.005660134 -0.120678142 -1.554595828 -0.005632099 0.999983966 0.000573397 -0.702148855 0.120679468 0.000110474 0.992691517 14.242349625
0.992501855 0.005995347 -0.122081608 -1.551705480 -0.005472495 0.999974310 0.004617658 -0.708006442 0.122106157 -0.003914944 0.992509305 14.299976349
0.992466271 0.005874297 -0.122376844 -1.554812074 -0.005278153 0.999972641 0.005194992 -0.707919002 0.122404002 -0.004509931 0.992470086 14.338183403
0.992232084 0.005950861 -0.124258198 -1.553290606 -0.005219407 0.999967098 0.006211263 -0.715344667 0.124291070 -0.005514460 0.992230475 14.404918671
0.992644548 0.005238646 -0.120951772 -1.574747443 -0.004719061 0.999978364 0.004581848 -0.706100643 0.120973185 -0.003977368 0.992647767 14.441955566
0.992236674 0.006049277 -0.124217197 -1.567183614 -0.005219889 0.999961853 0.007001299 -0.713206351 0.124254815 -0.006298544 0.992230296 14.489858627
0.992281258 0.007027328 -0.123807959 -1.572704792 -0.006245952 0.999958098 0.006698208 -0.716986477 0.123849861 -0.005873208 0.992283583 14.541049004
0.992673039 0.006266875 -0.120668590 -1.591312408 -0.005753120 0.999972880 0.004605474 -0.715696514 0.120694175 -0.003877509 0.992682219 14.582602501
0.992261112 0.007775227 -0.123924628 -1.583439708 -0.007672084 0.999969661 0.001309516 -0.716873169 0.123931050 -0.000348622 0.992290795 14.641847610
0.992193460 0.007722319 -0.124468803 -1.588296652 -0.007766327 0.999969840 0.000131662 -0.719526708 0.124466076 0.000836031 0.992223501 14.674294472
0.991608322 0.009465922 -0.128931284 -1.578168988 -0.009248693 0.999954700 0.002283469 -0.726787090 0.128947064 -0.001071860 0.991650939 14.715824127
0.990994275 0.009363986 -0.133575886 -1.566684842 -0.008731334 0.999947727 0.005321268 -0.734793782 0.133618727 -0.004107051 0.991024315 14.767307281
0.990356684 0.010445446 -0.138146415 -1.549914718 -0.009704337 0.999934673 0.006037130 -0.745067954 0.138200477 -0.004638293 0.990393460 14.828587532
0.991951168 0.006720979 -0.126442492 -1.610089302 -0.007096254 0.999971569 -0.002517732 -0.720117629 0.126422003 0.003394735 0.991970658 14.866603851
0.992740393 0.004815404 -0.120180912 -1.624795914 -0.005430203 0.999973774 -0.004788641 -0.721073270 0.120154724 0.005406483 0.992740452 14.922930717
0.994028032 0.004287947 -0.109041043 -1.642330408 -0.004934689 0.999971807 -0.005662037 -0.727688432 0.109013692 0.006166306 0.994021118 14.989084244
0.995086670 0.004194571 -0.098918647 -1.645899653 -0.005091344 0.999948084 -0.008815065 -0.726692259 0.098876551 0.009275382 0.995056391 15.035268784
0.995623648 0.004470492 -0.093346350 -1.632894039 -0.005167484 0.999960542 -0.007226356 -0.728926301 0.093310364 0.007677097 0.995607436 15.074124336
0.996731281 0.003339599 -0.080719002 -1.646901250 -0.003912666 0.999968290 -0.006942403 -0.728846312 0.080693245 0.007235536 0.996712744 15.138024330
0.997446120 0.002698625 -0.071372703 -1.665798783 -0.003612319 0.999913156 -0.012675745 -0.710245490 0.071332291 0.012901193 0.997369170 15.167271614
0.998103142 0.001991014 -0.061531618 -1.658375978 -0.002902540 0.999887407 -0.014728125 -0.719317615 0.061495345 0.014878787 0.997996509 15.220084190
0.998928487 0.002780012 -0.046196222 -1.672671080 -0.003514432 0.999868691 -0.015824251 -0.719337106 0.046146143 0.015969645 0.998807073 15.269433975
0.999321342 0.004016988 -0.036614779 -1.667793274 -0.004491081 0.999907017 -0.012875109 -0.723563969 0.036559649 0.013030813 0.999246478 15.316661835
0.999731123 0.003495836 -0.022922985 -1.674493551 -0.003725525 0.999943197 -0.009984965 -0.725276947 0.022886779 0.010067683 0.999687314 15.372834206
0.999904335 0.002998477 -0.013501974 -1.689534664 -0.003135562 0.999943614 -0.010143156 -0.721210003 0.013470802 0.010184523 0.999857366 15.402740479
0.999993503 0.000183884 -0.003606502 -1.678528309 -0.000207716 0.999978125 -0.006608764 -0.728523254 0.003605209 0.006609472 0.999971628 15.454894066
0.999965012 -0.000159151 0.008364886 -1.673415899 0.000244440 0.999948025 -0.010195899 -0.717772841 -0.008362830 0.010197587 0.999913096 15.512203217
0.999849796 -0.002073833 0.017207196 -1.677071452 0.002213820 0.999964714 -0.008120317 -0.733604550 -0.017189747 0.008157192 0.999818981 15.546866417
0.999625444 -0.000700571 0.027362416 -1.655483603 0.000815145 0.999991000 -0.004176337 -0.753211558 -0.027359243 0.004197076 0.999616802 15.584300995
0.999028563 -0.001631008 0.044036336 -1.648366213 0.001791866 0.999991894 -0.003613646 -0.753166378 -0.044030078 0.003689043 0.999023378 15.630055428
0.998334825 -0.002521637 0.057631128 -1.657097816 0.002861929 0.999978960 -0.005822889 -0.747151673 -0.057615228 0.005978128 0.998320937 15.652576447
0.996652603 -0.005030900 0.081598274 -1.653359413 0.005599599 0.999961555 -0.006742141 -0.753717542 -0.081561223 0.007176491 0.996642470 15.707691193
0.994620860 -0.006303764 0.103390604 -1.675060511 0.007364981 0.999924004 -0.009885607 -0.746597409 -0.103320427 0.010593900 0.994591713 15.737499237
0.991647124 -0.005049728 0.128881320 -1.642943740 0.005942354 0.999960899 -0.006542358 -0.763780892 -0.128843248 0.007253569 0.991638422 15.808430672
0.987893164 -0.005290504 0.155045494 -1.663883924 0.006759022 0.999937117 -0.008945895 -0.754964471 -0.154988408 0.009885545 0.987866819 15.841086388
0.982367635 -0.009393242 0.186722979 -1.647647619 0.010708697 0.999924421 -0.006037539 -0.772013545 -0.186652124 0.007930643 0.982393980 15.901314735
0.974415600 -0.012165693 0.224424228 -1.623482704 0.013467202 0.999900222 -0.004269483 -0.783796787 -0.224349871 0.007182617 0.974482179 15.973106384
0.966558695 -0.014316524 0.256045669 -1.657572985 0.017087108 0.999816954 -0.008599198 -0.766423762 -0.255875707 0.012686709 0.966626465 15.999857903
0.956625938 -0.020010384 0.290631175 -1.609366894 0.021073056 0.999777734 -0.000526759 -0.791811407 -0.290556073 0.006628396 0.956835032 16.062284470
0.945060194 -0.020141631 0.326275319 -1.637578011 0.022371411 0.999744952 -0.003082791 -0.777310669 -0.326130062 0.010212663 0.945269763 16.096231461
0.934126496 -0.019882645 0.356388032 -1.555344105 0.019856270 0.999795735 0.003732781 -0.809171498 -0.356389463 0.003589646 0.934330642 16.153936386
0.921523511 -0.018848481 0.387864798 -1.451649189 0.015970167 0.999815762 0.010643212 -0.847753167 -0.387994021 -0.003613704 0.921654761 16.217638016
0.909705043 -0.019351879 0.414803922 -1.444187641 0.015561566 0.999800563 0.012515763 -0.849790037 -0.414963365 -0.004930655 0.909824729 16.219272614
0.895277739 -0.023020338 0.444913238 -1.384580612 0.015396981 0.999666333 0.020741304 -0.874161422 -0.445242256 -0.011718909 0.895333469 16.254980087
0.883031309 -0.025834287 0.468602538 -1.380705357 0.017789515 0.999608696 0.021586481 -0.875738025 -0.468976855 -0.010725326 0.883145332 16.252658844
0.868136346 -0.028884863 0.495484710 -1.309131622 0.016233316 0.999423504 0.029820252 -0.902081013 -0.496060401 -0.017844684 0.868104696 16.282783508
0.850413978 -0.030052885 0.525255203 -1.234791279 0.013928371 0.999303281 0.034625202 -0.929434955 -0.525929749 -0.022129802 0.850239992 16.310371399
0.836154222 -0.031242622 0.547603726 -1.198989868 0.013701377 0.999254644 0.036089718 -0.943038106 -0.548323035 -0.022673646 0.835959136 16.300340652
0.816128016 -0.033412259 0.576904416 -1.140971661 0.011058862 0.999047279 0.042216670 -0.963033080 -0.577765346 -0.028074291 0.815719962 16.323472977
0.797153652 -0.038645223 0.602538526 -1.089506149 0.012419693 0.998787880 0.047628466 -0.982088208 -0.603648782 -0.030483868 0.796667337 16.349357605
0.778447926 -0.043141626 0.626224875 -1.038647652 0.012109336 0.998481810 0.053734127 -0.997781813 -0.627592325 -0.034246050 0.777788579 16.369913101
0.759271085 -0.047535919 0.649036050 -1.015089512 0.013537800 0.998266518 0.057276729 -1.004028559 -0.650633693 -0.034702040 0.758598447 16.385929108
0.743947327 -0.049242031 0.666421533 -0.965889931 0.010543735 0.998022199 0.061973754 -1.016939878 -0.668155074 -0.039078642 0.742995024 16.403610229
0.740552545 -0.053071193 0.669899464 -0.919197083 0.012413749 0.997786880 0.065324306 -1.037433386 -0.671883702 -0.040060107 0.739572465 16.388956070
0.730035722 -0.052193273 0.681412995 -0.880179882 0.009604988 0.997764528 0.066134065 -1.043206692 -0.683341444 -0.041735262 0.728905082 16.396118164
0.721901178 -0.055008486 0.689806402 -0.836357594 0.010935618 0.997617841 0.068110459 -1.054948807 -0.691909909 -0.041625556 0.720782995 16.407619476
0.718806684 -0.057482116 0.692829370 -0.809831142 0.012824595 0.997502685 0.069454551 -1.062844872 -0.695091605 -0.041039143 0.717748880 16.408252716
0.703264952 -0.056694403 0.708663642 -0.770318031 0.011538669 0.997594059 0.068358630 -1.074318647 -0.710834205 -0.039897189 0.702227116 16.463935852
0.696574390 -0.056427900 0.715262175 -0.731210709 0.010926250 0.997621238 0.068062760 -1.083230019 -0.717401326 -0.039595641 0.695533931 16.490432739
0.694971263 -0.056177232 0.716839731 -0.715049744 0.009526087 0.997575164 0.068942435 -1.088038683 -0.718974471 -0.041084316 0.693821132 16.492486954
0.688879788 -0.055509508 0.722747147 -0.674544811 0.008528775 0.997615397 0.068491220 -1.099265814 -0.724825442 -0.041018065 0.687710464 16.536041260
0.682780981 -0.060275719 0.728132606 -0.676078320 0.010051256 0.997271776 0.073130190 -1.121532798 -0.730554044 -0.042613249 0.681523979 16.567480087
0.678672731 -0.062587611 0.731769383 -0.642152309 0.012590782 0.997207463 0.073613122 -1.133116245 -0.734332979 -0.040745661 0.677565455 16.615545273
0.676113486 -0.067100376 0.733735800 -0.619050503 0.013870388 0.996827185 0.078379050 -1.144176722 -0.736667037 -0.042815924 0.674898863 16.642452240
0.680742502 -0.054477420 0.730494320 -0.582281590 0.010382022 0.997848034 0.064740703 -1.093572140 -0.732449234 -0.036487740 0.679843187 16.636341095
0.685251355 -0.048736852 0.726674199 -0.526951790 0.008057972 0.998204827 0.059349317 -1.074671149 -0.728262067 -0.034813680 0.684413791 16.658233643
0.688419878 -0.049705237 0.723607361 -0.507590771 0.008415192 0.998129249 0.060556412 -1.075977325 -0.725263655 -0.035598941 0.687550306 16.676357269
0.698084414 -0.048257906 0.714387536 -0.471244812 0.007419306 0.998160124 0.060177181 -1.066272259 -0.715977073 -0.036708489 0.697158039 16.710147858
0.700789928 -0.051623989 0.711497307 -0.471374512 0.010457535 0.998014390 0.062112596 -1.073786259 -0.713291049 -0.036087379 0.699938238 16.734090805
0.714510024 -0.054139577 0.697527468 -0.427756310 0.015379111 0.997975886 0.061705768 -1.073860645 -0.699456275 -0.033362035 0.713896334 16.761852264
0.718103945 -0.055918466 0.693685830 -0.412721634 0.016017374 0.997830629 0.063854590 -1.080982566 -0.695751548 -0.034743197 0.717441678 16.791416168
0.726835370 -0.057341032 0.684413970 -0.366336823 0.019438108 0.997826993 0.062956244 -1.070919037 -0.686536670 -0.032455109 0.726370573 16.831329346
0.724560857 -0.053989500 0.687092960 -0.369947433 0.017373765 0.998041093 0.060101602 -1.055202723 -0.688991845 -0.031609882 0.724079490 16.878656387
0.727949500 -0.051215772 0.683715224 -0.330142021 0.014091590 0.998113096 0.059763435 -1.054229736 -0.685485899 -0.033870131 0.727297604 16.940769196
0.731020987 -0.046738885 0.680752337 -0.295648575 0.016275367 0.998561859 0.051081762 -1.018146753 -0.682160914 -0.026262343 0.730730295 16.993831635
0.741461873 -0.050931457 0.669059098 -0.224561691 0.013832620 0.998063445 0.060647052 -1.056692362 -0.670852304 -0.035712648 0.740730464 17.007572174
0.743617117 -0.053196214 0.666486084 -0.180799484 0.017210865 0.998022497 0.060455471 -1.052216053 -0.668384194 -0.033484921 0.743062139 17.063940048
0.742048144 -0.055102095 0.668077946 -0.164140701 0.017723879 0.997880161 0.062617406 -1.056046724 -0.670112193 -0.034624204 0.741451740 17.102840424
0.739115894 -0.055645522 0.671275854 -0.132061005 0.015517515 0.997723997 0.065620758 -1.059821248 -0.673399568 -0.038084816 0.738297105 17.162296295
0.739975214 -0.055712655 0.670322955 -0.114831924 0.017804308 0.997837126 0.063279063 -1.049245596 -0.672398627 -0.034890294 0.739366531 17.173007965
0.738937914 -0.056235027 0.671422720 -0.079052925 0.013747073 0.997561812 0.068421401 -1.072393894 -0.673633337 -0.041329067 0.737909257 17.225498199
0.740497291 -0.053302370 0.669942319 -0.057929039 0.014100850 0.997862697 0.063806683 -1.055874586 -0.671911478 -0.037801921 0.739666104 17.240100861
0.743832409 -0.053675458 0.666207433 -0.017882347 0.016034964 0.997916341 0.062497485 -1.055596828 -0.668173850 -0.035805043 0.743143082 17.263599396
0.740012825 -0.054294810 0.670397758 -0.011111259 0.016783189 0.997916698 0.062294260 -1.055536270 -0.672383308 -0.034847137 0.739382386 17.309129715
0.738221347 -0.053867739 0.672404230 0.023643494 0.016207363 0.997935057 0.062152911 -1.060861945 -0.674363732 -0.034984708 0.737570047 17.353685379
0.739613235 -0.055225402 0.670762658 0.046346664 0.017957160 0.997892320 0.062358335 -1.063130856 -0.672792554 -0.034076057 0.739045978 17.355163574
0.735628903 -0.053711429 0.675251961 0.076181412 0.014374878 0.997864783 0.063712768 -1.068302870 -0.677232265 -0.037162282 0.734830201 17.406688690
0.731868684 -0.050921250 0.679540634 0.103681564 0.012341364 0.998031139 0.061495572 -1.066142082 -0.681334019 -0.036620215 0.731055975 17.461086273
0.733415723 -0.049809873 0.677953005 0.125576019 0.011491351 0.998077929 0.060898297 -1.067401171 -0.679683149 -0.036873173 0.732578278 17.468381882
0.732791305 -0.049250312 0.678668916 0.164872169 0.014625766 0.998286843 0.056652524 -1.056661129 -0.680296361 -0.031588417 0.732256114 17.502330780
0.734147251 -0.049876165 0.677155852 0.193029404 0.012964491 0.998146415 0.059463207 -1.071391702 -0.678866506 -0.034875769 0.733433008 17.519432068
0.729346514 -0.043704145 0.682747126 0.227358818 0.014424280 0.998718083 0.048521355 -1.040693998 -0.683992386 -0.025540743 0.729041815 17.554033279
0.733125150 -0.046289522 0.678516567 0.305027962 0.011668108 0.998390257 0.055504650 -1.065153122 -0.679993510 -0.032774854 0.732485175 17.579666138
