1.000000000 0.000000000 0.000000000 0.000000000 0.000000000 1.000000000 0.000000000 0.000000000 0.000000000 0.000000000 1.000000000 0.000000000
0.999829173 0.016629245 0.008067825 0.069464400 -0.016891137 0.999293923 0.033558480 0.004758021 -0.007504076 -0.033689022 0.999404132 0.065938905
0.999537885 0.029191451 0.008471291 0.132433921 -0.029682323 0.997432292 0.065174721 0.019048244 -0.006546997 -0.065396063 0.997837901 0.128240660
0.999132991 0.028615681 0.030243203 0.177128106 -0.030124540 0.998260915 0.050672483 0.036170479 -0.028740587 -0.051539622 0.998257279 0.186719865
0.997589767 0.032545276 0.061281815 0.227553472 -0.035205536 0.998461366 0.042842723 0.029457726 -0.059793212 -0.044896919 0.997200608 0.270254314
0.995430112 0.045351744 0.084036067 0.266509533 -0.048334252 0.998259127 0.033801794 0.044851948 -0.082356803 -0.037709143 0.995889187 0.314956307
0.996509910 0.052737508 0.064704411 0.400499463 -0.054595057 0.998135686 0.027282866 0.061635770 -0.063144952 -0.030720189 0.997531414 0.353753746
0.988125324 0.098954663 0.117542811 0.415040433 -0.100784615 0.994860828 0.009713195 0.092056781 -0.115977570 -0.021444360 0.993020236 0.417393714
0.965525329 0.091546088 0.243680328 0.351379424 -0.069647290 0.992841482 -0.097030900 0.111493282 -0.250818759 0.076714121 0.964989603 0.493133843
0.949070632 0.120546386 0.291090161 0.338158965 -0.086679906 0.988158703 -0.126605451 0.120241024 -0.302905142 0.094925843 0.948281407 0.526518226
0.933526337 0.122780710 0.336828440 0.312077403 -0.094563432 0.990583837 -0.099003270 0.083247192 -0.345812440 0.060570493 0.936346591 0.568693280
0.924428046 0.172867686 0.339925945 0.291362286 -0.155788362 0.984774113 -0.077135868 0.098380663 -0.348084599 0.018350031 0.937283456 0.580993474
0.936704993 0.156695709 0.313097686 0.241817802 -0.160655469 0.986921132 -0.013284990 0.054836664 -0.311084479 -0.037856746 0.949627936 0.560287714
0.936704993 0.156695709 0.313097686 0.241817802 -0.160655469 0.986921132 -0.013284990 0.054836664 -0.311084479 -0.037856746 0.949627936 0.560287714
0.981992841 0.169092298 0.084248386 0.439259797 -0.171384692 0.984986424 0.020711802 0.083245993 -0.079481296 -0.034777723 0.996229470 0.420979321
0.981252253 0.174505919 0.081802674 0.446160257 -0.177343547 0.983728886 0.028755441 0.083504282 -0.075453639 -0.042723525 0.996233642 0.420392692
0.974633992 0.162592813 0.153792441 0.505908251 -0.167112693 0.985793889 0.016845303 0.104732819 -0.148868710 -0.042118669 0.987959564 0.490012258
0.976126492 0.166634426 0.139320090 0.499972790 -0.172580034 0.984486639 0.031658065 0.101807497 -0.131883413 -0.054946147 0.989741206 0.481458515
0.981531560 0.162629873 0.100733966 0.539899826 -0.170608386 0.982374012 0.076380834 0.076869525 -0.086536624 -0.092156246 0.991977096 0.472387105
0.986058176 0.166068599 -0.010507709 0.558429658 -0.164356038 0.981867135 0.094468571 0.065488316 0.026005438 -0.091424517 0.995472312 0.350070924
0.984712481 0.163396701 -0.060356420 0.527555525 -0.155005664 0.980061471 0.124308638 0.045708459 0.079464614 -0.113052666 0.990406215 0.282362133
0.981468260 0.167981058 -0.092208922 0.429175287 -0.154122308 0.977929831 0.141065732 0.017457588 0.113870226 -0.124240093 0.985696733 0.153523698
0.977485716 0.171396911 -0.123064309 0.369215429 -0.153997138 0.978214085 0.139218956 0.005835165 0.144244924 -0.117133006 0.982585013 0.038866013
0.970450342 0.188020706 -0.151242763 0.310224354 -0.164748341 0.974234164 0.154031456 -0.010146716 0.176306963 -0.124562882 0.976422071 -0.063389599
0.965767086 0.183492243 -0.183370024 0.209672153 -0.154164553 0.974477351 0.163178220 -0.031418763 0.208631888 -0.129322991 0.969406068 -0.218369588
0.956713617 0.192254201 -0.218488798 0.154497415 -0.150400132 0.969329536 0.194370732 -0.050906949 0.249156237 -0.153096393 0.956285834 -0.333085984
0.948704958 0.191458642 -0.251599818 0.064271018 -0.143191531 0.969692469 0.197971106 -0.056963924 0.281877667 -0.151789188 0.947367430 -0.487261266
0.949115396 0.143233135 -0.280471474 -0.027700869 -0.091508463 0.977591932 0.189578980 -0.090326704 0.301340669 -0.154266804 0.940954626 -0.614320695
0.944961190 0.117994837 -0.305164903 -0.108176835 -0.057889331 0.978287101 0.199005932 -0.113229580 0.322020561 -0.170387104 0.931273878 -0.725034535
0.935083330 0.123181425 -0.332333386 -0.211229652 -0.052407473 0.975408494 0.214082867 -0.055109281 0.350531906 -0.182768553 0.918543994 -0.857299149
0.927726448 0.086811900 -0.363025129 -0.328123748 -0.006682712 0.976285100 0.216385618 -0.076689690 0.373200923 -0.198320672 0.906305671 -0.984471917
0.921878517 0.060748212 -0.382687211 -0.436968207 0.023101714 0.977259874 0.210782558 -0.105282322 0.386789531 -0.203156620 0.899511635 -1.074726820
0.915359557 0.047814611 -0.399788111 -0.442665190 0.036039516 0.979208410 0.199629724 -0.140044495 0.401021063 -0.197141171 0.894604564 -1.114771485
0.906166434 0.044195157 -0.420605749 -0.464159936 0.043217089 0.979642272 0.196044177 -0.163196892 0.420707345 -0.195825994 0.885808945 -1.162902236
0.900357425 0.005000704 -0.435122401 -0.468912274 0.073320344 0.983894229 0.163022369 -0.188209131 0.428929597 -0.178681716 0.885489821 -1.199458838
0.891539633 -0.000282631 -0.452942610 -0.490892410 0.070786804 0.987799168 0.138715282 -0.220903650 0.447377145 -0.155732512 0.880682170 -1.243754864
0.886054456 0.002650345 -0.463573515 -0.494897753 0.054190066 0.992536068 0.109251097 -0.237498656 0.460402936 -0.121923491 0.879297316 -1.279650211
0.879237294 0.019898785 -0.475968331 -0.501531541 0.043543983 0.991587639 0.121892311 -0.239024550 0.474389851 -0.127897814 0.870974422 -1.296236634
0.869539618 0.013243924 -0.493685573 -0.509104609 0.059462704 0.989560485 0.131279618 -0.257367522 0.490270317 -0.143508717 0.859674454 -1.332791924
0.849533379 0.001834057 -0.527531624 -0.526920080 0.078870699 0.988313079 0.130448878 -0.289520174 0.521605730 -0.152427480 0.839460194 -1.403542995
0.825374126 0.003116785 -0.564577579 -0.538157105 0.085286729 0.987821221 0.130136713 -0.327316552 0.558107316 -0.155562475 0.815056145 -1.482507944
0.810259283 0.012908082 -0.585929394 -0.540479004 0.087722629 0.985823631 0.143026084 -0.379806995 0.579469264 -0.167287454 0.797640443 -1.525802135
0.812258720 0.042184282 -0.581770062 -0.547141850 0.058542654 0.986449540 0.153264090 -0.367028385 0.580352128 -0.158548459 0.798782706 -1.517103553
0.800879180 0.095364302 -0.591183662 -0.558029294 0.004764401 0.986191928 0.165537760 -0.351603091 0.598806977 -0.135392383 0.789366305 -1.516503215
0.794904709 0.104004413 -0.597753704 -0.580861807 -0.003835572 0.986040413 0.166462556 -0.368137777 0.606721997 -0.130029172 0.784207106 -1.533974290
0.790182233 0.097324215 -0.605095088 -0.579364061 0.001924966 0.986911714 0.161249846 -0.377388328 0.612868905 -0.128581539 0.779652834 -1.546083093
0.799128056 0.098442420 -0.593045950 -0.577724338 -0.001523831 0.986829817 0.161755040 -0.364075631 0.601158977 -0.128359303 0.788753331 -1.520367622
0.813256502 0.080138162 -0.576360762 -0.559802711 0.008250787 0.988784015 0.149124205 -0.358978301 0.581846893 -0.126031637 0.803473890 -1.485974193
0.827964365 0.074275449 -0.555840135 -0.547468364 0.003030562 0.990582585 0.136883169 -0.334144592 0.560772598 -0.115018882 0.819941878 -1.444902301
0.839931846 0.103579253 -0.532715678 -0.551142335 -0.016580226 0.986056387 0.165583149 -0.320826977 0.542438626 -0.130245999 0.829937518 -1.395425200
0.877137542 0.076080769 -0.474174500 -0.542058289 -0.011737593 0.990472674 0.137207821 -0.190113649 0.480095774 -0.114784472 0.869673729 -1.267402530
0.910876691 0.034554139 -0.411229491 -0.523304820 -0.004226747 0.997217238 0.074430309 -0.086934879 0.412657022 -0.066058673 0.908487976 -1.234642506
0.937995732 0.020042876 -0.346066803 -0.478982061 -0.004789132 0.998980939 0.044876497 -0.117132306 0.346613586 -0.040436607 0.937135994 -1.043725729
0.938575685 0.054896031 -0.340678960 -0.369229347 -0.035506234 0.997388363 0.062896058 -0.123782881 0.343241960 -0.046936486 0.938073516 -0.972690701
0.940078378 0.053787936 -0.336689115 -0.346003324 -0.026235608 0.995961905 0.085857317 -0.096612893 0.339947551 -0.071879342 0.937693417 -0.904289544
0.940093935 0.053522661 -0.336687982 -0.345815271 -0.025921656 0.995962322 0.085948348 -0.096898131 0.339928716 -0.072072007 0.937685490 -0.904295146
0.940073669 0.053626161 -0.336728066 -0.345876992 -0.026098000 0.995974362 0.085755378 -0.096583575 0.339971215 -0.071828447 0.937688768 -0.904236794
0.940045774 0.053584732 -0.336812466 -0.345460325 -0.025968522 0.995959103 0.085972480 -0.096815534 0.340058237 -0.072071545 0.937638581 -0.904320002
0.940057397 0.053771019 -0.336750329 -0.345836669 -0.026201390 0.995960295 0.085888490 -0.096737131 0.340008199 -0.071916796 0.937668502 -0.904188633
0.940085411 0.053582866 -0.336702257 -0.345859587 -0.026001038 0.995964289 0.085902102 -0.096897610 0.339946240 -0.072000705 0.937684596 -0.904409826
0.940064728 0.053682081 -0.336744100 -0.345813543 -0.026153181 0.995972157 0.085763015 -0.096502230 0.339991659 -0.071815848 0.937682271 -0.904366970
0.940102935 0.053584311 -0.336653024 -0.345897257 -0.026092036 0.995982111 0.085666344 -0.096537314 0.339890748 -0.071751215 0.937723875 -0.904335558
0.940039217 0.053607058 -0.336827099 -0.345702201 -0.026142368 0.995990396 0.085555069 -0.096747980 0.340062916 -0.071619675 0.937671483 -0.904636860
0.940131843 0.053309955 -0.336615890 -0.345816106 -0.025879400 0.996005595 0.085459299 -0.096323244 0.339827150 -0.071631595 0.937756002 -0.904382050
0.940117478 0.053287949 -0.336659551 -0.345637441 -0.025610706 0.995955050 0.086126566 -0.097099371 0.339887232 -0.072347000 0.937679350 -0.904181421
0.940055311 0.053258888 -0.336837441 -0.345513076 -0.025684964 0.995981574 0.085796811 -0.096669048 0.340053290 -0.072002098 0.937645614 -0.904093027
0.940118968 0.053428423 -0.336633116 -0.345745891 -0.026000120 0.996001601 0.085468695 -0.096159197 0.339853525 -0.071598232 0.937749028 -0.904040933
0.940118968 0.053436950 -0.336631507 -0.346007407 -0.025964653 0.995991945 0.085591838 -0.096852668 0.339855999 -0.071725994 0.937738359 -0.904789209
0.940142095 0.053282183 -0.336591631 -0.344649673 -0.026067222 0.996051431 0.084865168 -0.094971649 0.339784354 -0.071011305 0.937818766 -0.902216852
0.940233648 0.053129792 -0.336359948 -0.345241427 -0.025980802 0.996066988 0.084709264 -0.094757207 0.339537591 -0.070907600 0.937915862 -0.902290404
0.940238655 0.053173117 -0.336339176 -0.345253527 -0.025857834 0.996029973 0.085180357 -0.095515095 0.339533210 -0.071392857 0.937880695 -0.902237415
0.943337977 0.052869804 -0.327594787 -0.339537591 -0.027684109 0.996323407 0.081075646 -0.086992666 0.330676794 -0.067412570 0.941333294 -0.889790416
0.952174783 0.055898909 -0.300397217 -0.336561233 -0.033381980 0.996269584 0.079577655 -0.088098429 0.303724974 -0.065743983 0.950488746 -0.884875298
0.960663259 0.056740023 -0.271857500 -0.330076694 -0.037999786 0.996555209 0.073713511 -0.084425345 0.275103539 -0.060483340 0.959510148 -0.875018299
0.961525857 0.054490216 -0.269255817 -0.310612231 -0.036769930 0.996839046 0.070426464 -0.066998705 0.272242218 -0.057816353 0.960490108 -0.836657047
0.963652611 0.058170047 -0.260748595 -0.304779321 -0.042284992 0.996914804 0.066127069 -0.058556061 0.263790727 -0.052697770 0.963139296 -0.822746217
0.955803216 0.057833765 -0.288262933 -0.307770073 -0.024298215 0.992646337 0.118586801 -0.137323737 0.293001413 -0.106341369 0.950179815 -0.890709817
0.965146303 0.028110053 -0.260196745 -0.309609473 -0.005783941 0.996263146 0.086175792 -0.119043723 0.261646748 -0.081667304 0.961702347 -0.987018824
0.952698827 0.085179314 -0.291735113 -0.324802160 -0.073121719 0.995965958 0.052008595 -0.115748845 0.294988334 -0.028216358 0.955084145 -1.109128714
0.970023155 0.045102503 -0.238790348 -0.293823540 -0.037355777 0.998621523 0.036870670 -0.081716977 0.240124166 -0.026845204 0.970370948 -1.044758916
0.967891097 0.048500232 -0.246646538 -0.255303830 -0.033852424 0.997420967 0.063287720 -0.147842854 0.249079883 -0.052906040 0.967036784 -0.996855199
0.967880249 0.048369113 -0.246714875 -0.255095869 -0.033708978 0.997424722 0.063305072 -0.148019314 0.249141514 -0.052955214 0.967018187 -0.996856928
0.967879593 0.048628949 -0.246666312 -0.255590290 -0.033986736 0.997417152 0.063276902 -0.147771582 0.249106303 -0.052861039 0.967032433 -0.996867597
0.967892230 0.048799485 -0.246583074 -0.255851090 -0.034126408 0.997402370 0.063435137 -0.148064718 0.249038130 -0.052983396 0.967043281 -0.997064590
0.967931628 0.048805300 -0.246426791 -0.256009877 -0.034103431 0.997393787 0.063581996 -0.148172662 0.248887673 -0.053139038 0.967073441 -0.996976972
0.967918634 0.048734426 -0.246492133 -0.255905658 -0.034067847 0.997405171 0.063422136 -0.147930026 0.248943359 -0.052990016 0.967067301 -0.997058392
0.967919111 0.048544608 -0.246527955 -0.255553007 -0.033907972 0.997419953 0.063275509 -0.147836238 0.248963565 -0.052886311 0.967067838 -0.996819556
0.967914701 0.048514575 -0.246550933 -0.255658984 -0.033763621 0.997397125 0.063710943 -0.148514479 0.249000102 -0.053342305 0.967033327 -0.997057796
0.967921138 0.048736438 -0.246482000 -0.256016612 -0.034102146 0.997411847 0.063299172 -0.147688255 0.248929024 -0.052863039 0.967077911 -0.997106671
0.967900813 0.048308037 -0.246646062 -0.255534053 -0.033744451 0.997446835 0.062938049 -0.147877306 0.249056742 -0.052594855 0.967059731 -0.997045815
0.967867732 0.048340637 -0.246769562 -0.255148947 -0.033671152 0.997424781 0.063325994 -0.147982165 0.249195278 -0.052982166 0.967002869 -0.996548235
0.967880666 0.048379831 -0.246711135 -0.255246013 -0.033639889 0.997407317 0.063616887 -0.148220628 0.249149248 -0.053274222 0.966998696 -0.996551394
0.967904806 0.048508443 -0.246591166 -0.255674750 -0.033830050 0.997413456 0.063419573 -0.148109421 0.249029711 -0.053041920 0.967042267 -0.996997416
0.967853606 0.048763976 -0.246741563 -0.255378544 -0.034111392 0.997410417 0.063316695 -0.147709981 0.249190137 -0.052864600 0.967010677 -0.996786237
0.967876732 0.048401676 -0.246722236 -0.255257398 -0.033730466 0.997421205 0.063350275 -0.147915453 0.249152228 -0.052993204 0.967013359 -0.996783018
0.967935026 0.048645314 -0.246445566 -0.255971014 -0.033984732 0.997409523 0.063398540 -0.148224249 0.248891190 -0.052990280 0.967080772 -0.997137308
0.967905760 0.048194874 -0.246648937 -0.255329102 -0.033566259 0.997437775 0.063176490 -0.147998095 0.249061719 -0.052869808 0.967043459 -0.997043669
0.967794955 0.047693308 -0.247180790 -0.254006207 -0.032918692 0.997434497 0.063566469 -0.148448437 0.249578357 -0.053382434 0.966882110 -0.996147513
0.961434603 0.054605778 -0.269558161 -0.246703923 -0.028777750 0.994685471 0.098856747 -0.164888829 0.273523688 -0.087287031 0.957896531 -0.986967027
0.973333359 0.034783188 -0.226742908 -0.118515626 -0.016799314 0.996591449 0.080766760 -0.227827936 0.228779376 -0.074803874 0.970600009 -0.876626015
0.984237432 0.018022044 -0.175931498 -0.058790017 -0.020312700 0.999730647 -0.011227844 -0.179096758 0.175681755 0.014624509 0.984338343 -0.754808247
0.995504856 0.006622036 -0.094479516 -0.026300753 -0.006003149 0.999958634 0.006833231 -0.194122568 0.094520859 -0.006235340 0.995503426 -0.685054243
0.991124749 0.036089472 -0.127942324 0.344121248 -0.035899736 0.999348223 0.003789477 0.074621208 0.127995700 0.000837249 0.991774440 -0.142515436
0.996342182 0.036620781 -0.077208698 0.320094496 -0.032689065 0.998133361 0.051586527 0.037817929 0.078953706 -0.048873957 0.995679557 -0.022154760
0.999788105 0.009840201 0.018082066 0.310449302 -0.011339247 0.996336639 0.084763162 0.020331297 -0.017181749 -0.084950238 0.996237099 0.138621300
0.997194886 0.021780899 0.071609654 0.483484119 -0.031520918 0.989953279 0.137836590 0.022091214 -0.067888036 -0.139707133 0.987862945 0.369720757
0.996398091 0.074272454 0.040921427 0.475116313 -0.080584377 0.979575634 0.184221625 0.029675186 -0.026403036 -0.186855704 0.982032537 0.344641447
0.996694028 0.064478293 -0.049433049 0.515426040 -0.054613575 0.982160211 0.179940566 0.025686271 0.060153443 -0.176645979 0.982434690 0.256659448
0.982445121 0.055399660 -0.178136572 0.445287228 -0.029063804 0.988681793 0.147185266 0.012171748 0.184274405 -0.139424115 0.972935736 -0.045607541
0.972117424 0.019550610 -0.233678311 0.331415832 0.013742798 0.990055561 0.140003785 -0.059291948 0.234091699 -0.139311537 0.962181568 -0.271975011
0.971949577 0.020512711 -0.234293088 -0.018555958 0.014415429 0.989120305 0.146400496 -0.101272978 0.234747142 -0.145671338 0.961079478 -0.634134710
0.965691864 -0.007091336 -0.259593785 -0.094295166 0.047268786 0.987728059 0.148858652 -0.151320219 0.255352497 -0.156022280 0.954176128 -0.740537822
0.971230090 -0.039222874 -0.234891087 -0.132745981 0.071670420 0.988756776 0.131237775 -0.157667920 0.227102622 -0.144296825 0.963121414 -0.657971561
0.968417406 -0.050046161 -0.244260252 -0.089123115 0.080660179 0.989853024 0.116983317 -0.184876859 0.235927135 -0.132990763 0.962627530 -0.688707411
0.971457899 -0.056453478 -0.230396673 -0.080538303 0.084632620 0.989833057 0.114313662 -0.164844856 0.221600890 -0.130549967 0.966359019 -0.657509267
0.976181865 -0.030680655 -0.214773610 0.037334923 0.057598144 0.991075397 0.120216899 -0.105263293 0.209168524 -0.129724115 0.969236970 -0.534951985
0.983636081 -0.027167518 -0.178107172 0.135031760 0.046329342 0.993463397 0.104326464 -0.045502368 0.174108729 -0.110870853 0.978465080 -0.407681644
0.989844263 -0.050180171 -0.133004725 0.222010702 0.059061900 0.996220231 0.063693948 -0.002172927 0.129305825 -0.070902616 0.989066660 -0.285472542
0.996227682 -0.051387120 -0.069926992 0.305909812 0.055383556 0.996867120 0.056466326 -0.011216934 0.066806331 -0.060126130 0.995952725 -0.095163018
0.995907843 -0.085017018 -0.030653356 0.327076226 0.086421080 0.995109677 0.047832727 0.012000326 0.026436871 -0.050286058 0.998384893 0.008293575
0.993455172 -0.111014292 -0.026883990 0.355265200 0.111931659 0.993083835 0.035436194 0.020780519 0.022764152 -0.038213428 0.999010265 0.058440059
0.993380606 -0.096746743 -0.061928801 0.349632680 0.099340044 0.994238794 0.040258095 0.026604038 0.057677180 -0.046143606 0.997268379 0.001021473
0.992044926 -0.090182006 -0.087830566 0.373655647 0.094682641 0.994325638 0.048493214 0.011401015 0.082958981 -0.056423467 0.994954407 -0.015917661
0.990327537 -0.096476518 -0.099718690 0.314202935 0.101192802 0.993921399 0.043361969 0.009486196 0.094929136 -0.053033348 0.994070470 -0.086002484
0.969673991 -0.157477021 -0.186905026 0.108054601 0.177378252 0.979554057 0.094924346 -0.096573465 0.168135196 -0.125198528 0.977781177 -0.404246151
0.957445204 -0.198913023 -0.209122717 0.025187565 0.218446568 0.972989678 0.074646614 -0.160549372 0.188626066 -0.117152147 0.975036263 -0.520084083
0.944669366 -0.224185228 -0.239459202 -0.172312886 0.239679679 0.970135987 0.037283678 -0.108100593 0.223949492 -0.092614248 0.970190287 -0.702832818
0.936067164 -0.239656255 -0.257571608 -0.370589435 0.248572856 0.968610823 0.002124723 -0.043300267 0.248977453 -0.066014186 0.966256917 -0.871855199
0.911739945 -0.259669065 -0.318280250 -0.423167318 0.279637843 0.959939182 0.017879007 -0.108455271 0.300887018 -0.105304241 0.947828054 -1.008558750
0.911739945 -0.259669065 -0.318280250 -0.423167318 0.279637843 0.959939182 0.017879007 -0.108455271 0.300887018 -0.105304241 0.947828054 -1.008558750
0.911739945 -0.259669065 -0.318280250 -0.423167318 0.279637843 0.959939182 0.017879007 -0.108455271 0.300887018 -0.105304241 0.947828054 -1.008558750
0.911739945 -0.259669065 -0.318280250 -0.423167318 0.279637843 0.959939182 0.017879007 -0.108455271 0.300887018 -0.105304241 0.947828054 -1.008558750
0.911739945 -0.259669065 -0.318280250 -0.423167318 0.279637843 0.959939182 0.017879007 -0.108455271 0.300887018 -0.105304241 0.947828054 -1.008558750
0.947134256 -0.134219483 -0.291413486 -0.452534318 0.147982240 0.988658547 0.025605559 -0.123032257 0.284671664 -0.067375921 0.956254423 -0.958281338
0.947134256 -0.134219483 -0.291413486 -0.452534318 0.147982240 0.988658547 0.025605559 -0.123032257 0.284671664 -0.067375921 0.956254423 -0.958281338
0.947134256 -0.134219483 -0.291413486 -0.452534318 0.147982240 0.988658547 0.025605559 -0.123032257 0.284671664 -0.067375921 0.956254423 -0.958281338
0.930504799 -0.085284963 -0.356212646 -0.358044565 0.118783832 0.990217507 0.073209845 -0.251938492 0.346484333 -0.110434420 0.931532502 -1.212805390
0.935056329 -0.079817377 -0.345396727 -0.374970376 0.107098028 0.992399871 0.060602635 -0.219534174 0.337934524 -0.093658194 0.936497927 -1.191069365
0.934374034 0.004216997 -0.356268764 -0.395422995 0.030770378 0.995238960 0.092480607 -0.212018371 0.354962558 -0.097374007 0.929795623 -1.176691532
0.934685826 0.051309608 -0.351752609 -0.420527816 -0.020351104 0.995628953 0.091153361 -0.136171773 0.354892075 -0.078041196 0.931644320 -1.131208658
0.932641923 0.052728068 -0.356929928 -0.411672264 -0.020085949 0.995317340 0.094551243 -0.169256344 0.360244095 -0.081013151 0.929333627 -1.160522819
0.932857394 0.059775073 -0.355251998 -0.419072568 -0.026773201 0.994914353 0.097101480 -0.154030770 0.359249502 -0.081070602 0.929713547 -1.147177696
0.937205553 0.059979208 -0.343581527 -0.410494894 -0.027943972 0.994848371 0.097446978 -0.156860799 0.347656310 -0.081726797 0.934053421 -1.120223284
0.947257936 0.026192892 -0.319399863 -0.418952614 0.000662003 0.996492267 0.083682254 -0.146829680 0.320471376 -0.079480127 0.943917871 -1.106673121
0.951083362 0.051085990 -0.304681540 -0.359602451 -0.020367177 0.994455934 0.103163086 -0.109962337 0.308262587 -0.091911174 0.946850836 -0.956657171
0.948503613 0.048298463 -0.313062519 -0.399302751 -0.027159281 0.997067988 0.071538970 -0.101419263 0.315599829 -0.059352424 0.947034299 -1.005743384
0.951778889 0.042711444 -0.303797156 -0.436347365 -0.023944298 0.997582555 0.065236010 -0.095395610 0.305849046 -0.054816052 0.950500667 -1.013599873
0.950903118 0.044591047 -0.306259722 -0.425333172 -0.024890741 0.997379363 0.067934178 -0.099315144 0.308486372 -0.056975797 0.949520826 -1.010727525
0.949916005 0.040576961 -0.309859961 -0.406464636 -0.020420024 0.997474849 0.068021670 -0.108790949 0.311837614 -0.058287520 0.948345840 -1.001447201
0.950091302 0.038904183 -0.309536785 -0.406733066 -0.018092439 0.997395277 0.069824897 -0.117188305 0.311446965 -0.060739756 0.948320329 -0.999818802
0.949340403 0.041789275 -0.311458707 -0.397662103 -0.019332731 0.997007847 0.074844241 -0.125872105 0.313654393 -0.065031320 0.947307646 -0.993162930
0.949014604 0.042474613 -0.312357396 -0.395489544 -0.020990819 0.997196436 0.071824580 -0.115576744 0.314532310 -0.061605942 0.947245538 -0.999019802
0.948471487 0.046405822 -0.313445807 -0.392001837 -0.024438923 0.996984541 0.073653102 -0.112799689 0.315918475 -0.062197600 0.946745396 -0.998414636
0.948186398 0.049091712 -0.313898951 -0.389416784 -0.026172144 0.996701539 0.076819971 -0.113545448 0.316634715 -0.064624242 0.946343601 -0.994965553
0.947714567 0.047271620 -0.315598607 -0.384172380 -0.024406398 0.996807873 0.076015644 -0.116081581 0.318184584 -0.064338498 0.945843041 -0.994237065
0.946598768 0.051656216 -0.318249017 -0.371450037 -0.028212041 0.996566474 0.077842720 -0.109133966 0.321177274 -0.064707376 0.944805801 -0.982712924
0.946780682 0.052729283 -0.317531019 -0.375584513 -0.029098511 0.996472716 0.078711629 -0.108615965 0.320561349 -0.065282963 0.944975376 -0.985690653
0.946571290 0.052708801 -0.318158209 -0.372134686 -0.028849039 0.996437430 0.079247847 -0.109454744 0.321201771 -0.065835178 0.944719613 -0.983467638
0.946044922 0.052933320 -0.319682837 -0.366473705 -0.029053099 0.996449947 0.079015426 -0.108105116 0.322730452 -0.065464363 0.944224298 -0.981795907
0.946169853 0.052718081 -0.319348276 -0.363444537 -0.029024594 0.996491075 0.078506447 -0.106686890 0.322366357 -0.065011486 0.944379866 -0.975914478
0.946498752 0.051879533 -0.318510085 -0.360692769 -0.028731542 0.996620715 0.076951593 -0.102332212 0.321425945 -0.063683294 0.944790840 -0.968172789
0.946313083 0.052135527 -0.319019467 -0.358781636 -0.028915500 0.996604204 0.077096775 -0.102253631 0.321955591 -0.063733079 0.944607139 -0.968084991
0.946532071 0.050983053 -0.318555683 -0.360002249 -0.028247755 0.996738911 0.075589240 -0.100539237 0.321370542 -0.062549166 0.944885433 -0.968651295
0.946585178 0.050557505 -0.318465799 -0.359018654 -0.028086539 0.996805668 0.074763782 -0.097894482 0.321228325 -0.061825681 0.944981396 -0.965914190
0.946214020 0.050442677 -0.319584906 -0.357697159 -0.027486740 0.996733367 0.075940892 -0.101210512 0.322371542 -0.063071989 0.944509625 -0.968142927
0.946261704 0.050572958 -0.319423199 -0.358062953 -0.027688814 0.996739805 0.075784132 -0.101368062 0.322214395 -0.062867172 0.944576919 -0.968977094
0.946095526 0.050341699 -0.319951296 -0.355497271 -0.027271172 0.996720672 0.076184981 -0.102901839 0.322737336 -0.063352816 0.944365919 -0.967376649
0.946325719 0.050780181 -0.319200516 -0.358535379 -0.027811902 0.996711612 0.076109126 -0.102187864 0.322015643 -0.063146457 0.944626033 -0.968969584
0.946442604 0.051340461 -0.318763912 -0.359581679 -0.028544612 0.996715963 0.075780265 -0.100272723 0.321607590 -0.062622689 0.944799960 -0.967866600
0.946531832 0.050589468 -0.318619192 -0.359289587 -0.027885444 0.996761620 0.075422905 -0.100152373 0.321402937 -0.062505335 0.944877326 -0.968130410
0.946515620 0.050631206 -0.318660796 -0.359086990 -0.028032411 0.996781111 0.075111583 -0.099463888 0.321437985 -0.062161453 0.944888115 -0.968173623
0.946397364 0.052058488 -0.318782002 -0.360108316 -0.029051339 0.996645629 0.076509163 -0.100935146 0.321695566 -0.063147031 0.944735050 -0.968619823
0.946504533 0.051048055 -0.318626940 -0.359495044 -0.028279891 0.996730983 0.075681373 -0.099580728 0.321448684 -0.062622041 0.944854081 -0.967726827
0.946530163 0.050253123 -0.318677336 -0.359000176 -0.027576534 0.996781170 0.075277872 -0.099913046 0.321434498 -0.062464770 0.944869280 -0.968110204
0.946639657 0.049979512 -0.318394989 -0.359223396 -0.027500322 0.996825874 0.074712172 -0.098635353 0.321118414 -0.061969545 0.945009351 -0.967578590
0.946543634 0.051152170 -0.318494201 -0.360332012 -0.028421249 0.996731997 0.075615339 -0.099477142 0.321321219 -0.062521227 0.944904089 -0.967874289
0.946510255 0.050681498 -0.318668813 -0.359474629 -0.028047554 0.996772349 0.075221106 -0.099528611 0.321452528 -0.062259670 0.944876730 -0.968114018
0.946565270 0.051495675 -0.318374574 -0.360405385 -0.028505621 0.996665418 0.076455653 -0.100722224 0.321249992 -0.063294798 0.944876790 -0.967836976
0.946546793 0.051221095 -0.318473697 -0.360103130 -0.028440747 0.996719182 0.075775638 -0.099678673 0.321310073 -0.062667564 0.944898188 -0.967176199
0.946501553 0.052042872 -0.318474919 -0.360477209 -0.029177783 0.996669233 0.076152638 -0.100180849 0.321377307 -0.062786199 0.944867432 -0.967750192
0.946421802 0.051942557 -0.318728328 -0.359887272 -0.028999798 0.996662080 0.076313071 -0.101007208 0.321628332 -0.062981300 0.944769025 -0.968242228
0.946391523 0.052069508 -0.318797499 -0.359847546 -0.029120453 0.996656775 0.076337099 -0.101068698 0.321706414 -0.062961265 0.944743812 -0.968454599
0.946387947 0.051617078 -0.318881840 -0.359800786 -0.028670564 0.996677160 0.076241687 -0.101311609 0.321757555 -0.063011684 0.944723010 -0.968672633
0.946471751 0.051254328 -0.318691403 -0.359631211 -0.028392650 0.996705353 0.075975135 -0.100083694 0.321535528 -0.062859833 0.944808722 -0.967860460
0.946626186 0.050919298 -0.318286389 -0.359771371 -0.028183697 0.996737242 0.075635463 -0.099564411 0.321099192 -0.062628023 0.944972515 -0.967526734
0.946428776 0.051257316 -0.318818510 -0.359340161 -0.028450049 0.996717989 0.075789645 -0.100263208 0.321656823 -0.062659100 0.944780767 -0.967868090
0.946476460 0.052336484 -0.318501592 -0.360814273 -0.029241338 0.996612251 0.076869160 -0.101576842 0.321445644 -0.063441440 0.944800436 -0.968571961
0.946441412 0.051634107 -0.318720281 -0.359179080 -0.028669160 0.996670306 0.076331832 -0.099878535 0.321600288 -0.063106157 0.944770277 -0.966375530
0.946613073 0.051947538 -0.318158954 -0.360647440 -0.029066175 0.996665001 0.076250799 -0.099644989 0.321058840 -0.062932350 0.944965959 -0.967457771
0.946475506 0.051900666 -0.318575531 -0.360307872 -0.029001201 0.996669888 0.076210849 -0.100607388 0.321469963 -0.062892623 0.944828868 -0.967915535
0.946469426 0.051142819 -0.318716168 -0.359350860 -0.028345874 0.996722996 0.075762473 -0.100094385 0.321546406 -0.062672570 0.944817483 -0.967968702
0.946472585 0.052252840 -0.318526685 -0.360584408 -0.029298650 0.996643960 0.076436602 -0.100838013 0.321451694 -0.063012749 0.944827020 -0.968212426
0.946587682 0.052493274 -0.318145126 -0.360201687 -0.029598802 0.996639609 0.076377153 -0.098805681 0.321085334 -0.062880956 0.944960356 -0.966090500
0.946397901 0.052499782 -0.318707943 -0.359226704 -0.029518433 0.996631265 0.076517507 -0.099972360 0.321651429 -0.063008256 0.944759369 -0.966497600
0.946416259 0.051625453 -0.318796337 -0.359790057 -0.028778598 0.996694803 0.075967923 -0.100177094 0.321664512 -0.062722765 0.944773853 -0.968124568
0.946452796 0.052163497 -0.318599969 -0.360005111 -0.029127706 0.996632814 0.076647371 -0.100742638 0.321525306 -0.063263036 0.944785297 -0.967280328
0.946431100 0.051869839 -0.318712771 -0.360316694 -0.028933072 0.996666014 0.076287374 -0.100623436 0.321607172 -0.062979385 0.944776416 -0.968422532
0.946466804 0.051723842 -0.318630308 -0.359987110 -0.028926095 0.996697843 0.075873069 -0.100459851 0.321502566 -0.062594607 0.944837511 -0.968510449
0.946463585 0.051432934 -0.318686962 -0.359400541 -0.028808096 0.996744156 0.075307921 -0.099053428 0.321522683 -0.062095445 0.944863677 -0.967412055
0.946373701 0.051974811 -0.318865925 -0.359549254 -0.029090118 0.996674359 0.076119259 -0.100407183 0.321761757 -0.062761419 0.944738269 -0.967596948
0.946453691 0.052388750 -0.318560541 -0.359666586 -0.029599048 0.996670961 0.075967379 -0.098837145 0.321479827 -0.062470533 0.944853485 -0.966608822
0.946452498 0.051904082 -0.318643510 -0.359436303 -0.029138349 0.996696889 0.075804383 -0.099006072 0.321525484 -0.062460493 0.944838583 -0.966677487
0.946465850 0.051171396 -0.318722099 -0.359390676 -0.028490953 0.996744514 0.075423360 -0.099312693 0.321543962 -0.062304933 0.944842577 -0.968011379
0.946437716 0.052488916 -0.318591326 -0.360098541 -0.029501235 0.996628582 0.076558493 -0.100369640 0.321535647 -0.063059010 0.944795370 -0.967388451
0.946559131 0.052024644 -0.318306744 -0.359950125 -0.029045962 0.996645093 0.076518580 -0.099847659 0.321219653 -0.063183837 0.944894552 -0.966130316
0.946501076 0.051455941 -0.318571776 -0.359668702 -0.028673997 0.996710956 0.075796835 -0.099052429 0.321424097 -0.062607065 0.944863379 -0.966843307
0.946557522 0.050653633 -0.318532765 -0.359536141 -0.028070804 0.996781290 0.075094201 -0.098780960 0.321311235 -0.062139511 0.944932699 -0.968021870
0.946600974 0.050669201 -0.318400890 -0.359358668 -0.028102728 0.996781826 0.075075358 -0.098431259 0.321180195 -0.062118478 0.944978595 -0.967176378
0.946554184 0.050568715 -0.318556041 -0.359299481 -0.028075770 0.996802390 0.074811883 -0.098694168 0.321320534 -0.061869793 0.944947183 -0.967759967
0.946448386 0.051467180 -0.318726450 -0.359639406 -0.028671416 0.996710241 0.075807482 -0.099288464 0.321579456 -0.062609538 0.944810331 -0.967299938
0.946514308 0.051215626 -0.318571180 -0.359355688 -0.028517645 0.996736944 0.075512640 -0.098913074 0.321399033 -0.062388897 0.944886386 -0.966912985
0.946508348 0.051529765 -0.318538338 -0.359946281 -0.028645366 0.996687472 0.076116398 -0.100304373 0.321405381 -0.062920168 0.944848955 -0.967565358
0.946297765 0.052113190 -0.319068581 -0.359180927 -0.028984513 0.996624053 0.076815084 -0.101379894 0.321994483 -0.063441895 0.944613516 -0.967626214
0.946864247 0.053467747 -0.317158192 -0.362333030 -0.030176068 0.996504009 0.077904887 -0.100458540 0.320214808 -0.064194784 0.945167422 -0.964572847
0.946852505 0.053309523 -0.317219853 -0.362201542 -0.030158771 0.996539891 0.077451490 -0.100053355 0.320251107 -0.063768186 0.945183933 -0.964540303
0.946764827 0.053144183 -0.317509055 -0.361740530 -0.029935226 0.996539950 0.077536918 -0.100406654 0.320531100 -0.063904531 0.945079863 -0.964682460
0.946776032 0.052939720 -0.317509800 -0.361643672 -0.029663265 0.996535003 0.077704117 -0.100261301 0.320523292 -0.064150028 0.945065856 -0.964169562
0.946819186 0.053175818 -0.317341954 -0.362030894 -0.029971829 0.996536911 0.077562265 -0.100146517 0.320367396 -0.063926123 0.945133865 -0.964515865
0.946793497 0.053147525 -0.317423135 -0.361844748 -0.029848009 0.996520340 0.077822566 -0.100592300 0.320454687 -0.064207457 0.945085227 -0.964505434
0.946781754 0.053227473 -0.317444503 -0.361899644 -0.029883038 0.996508360 0.077962905 -0.100559369 0.320485830 -0.064327672 0.945066452 -0.964343190
0.946808636 0.053442683 -0.317328393 -0.362119049 -0.030227162 0.996523082 0.077640481 -0.100333422 0.320374340 -0.063918747 0.945132017 -0.964546978
0.946721852 0.053114071 -0.317642540 -0.361482948 -0.029806430 0.996523678 0.077795088 -0.100580558 0.320670307 -0.064182520 0.945013762 -0.964553058
0.946786821 0.053083587 -0.317453682 -0.361682385 -0.029852731 0.996537328 0.077603742 -0.100329548 0.320473909 -0.063997351 0.945092976 -0.964584827
0.946768045 0.053096231 -0.317507505 -0.361614466 -0.029868925 0.996538281 0.077583939 -0.100095764 0.320527792 -0.063970394 0.945076525 -0.964337826
0.946801424 0.053276528 -0.317377806 -0.361900717 -0.030078001 0.996534288 0.077554226 -0.100379452 0.320409685 -0.063882366 0.945122600 -0.964809597
0.946856737 0.053276297 -0.317212820 -0.362323314 -0.030034145 0.996522903 0.077717587 -0.100457788 0.320250332 -0.064060204 0.945164502 -0.964598060
0.946830451 0.053132128 -0.317315578 -0.361996740 -0.029913796 0.996535420 0.077603355 -0.100084633 0.320339441 -0.063985109 0.945139349 -0.964324653
0.946866632 0.052994914 -0.317230433 -0.362122625 -0.029815467 0.996547580 0.077485256 -0.099954121 0.320241541 -0.063909844 0.945177674 -0.964535594
0.946803808 0.053030863 -0.317411840 -0.361725241 -0.029833563 0.996545553 0.077505387 -0.100238211 0.320425510 -0.063912868 0.945115089 -0.964714587
0.946865499 0.052857250 -0.317256451 -0.361820519 -0.029688893 0.996555924 0.077425733 -0.100132190 0.320256352 -0.063892774 0.945173800 -0.964581430
0.946863413 0.052959953 -0.317246079 -0.361944616 -0.029820796 0.996557355 0.077357635 -0.099857770 0.320250720 -0.063786589 0.945182860 -0.964709044
0.946803331 0.053201951 -0.317384630 -0.361940742 -0.029976388 0.996532202 0.077620983 -0.100578114 0.320413560 -0.063977763 0.945114732 -0.965013862
0.946788192 0.053309526 -0.317411721 -0.361959845 -0.030115452 0.996534348 0.077539101 -0.100394070 0.320445240 -0.063854106 0.945112348 -0.964954317
0.936634660 0.022473769 -0.349586129 -0.347422361 0.003392108 0.997311354 0.073202275 -0.102695286 0.350291342 -0.069749631 0.934040070 -0.958109379
0.977800190 -0.186314806 -0.095883034 0.272775203 0.183458596 0.982297778 -0.037866540 -0.066211000 0.101240784 0.019435359 0.994672060 -0.138343662
0.916347921 -0.357092053 0.181084976 1.070073485 0.377869517 0.920838535 -0.096285447 0.065445885 -0.132367224 0.156657472 0.978742659 0.498032033
0.999857366 0.016383657 0.004095945 0.080808945 -0.016496832 0.999433935 0.029320931 0.073824324 -0.003613245 -0.029384330 0.999561608 0.182842627
0.911545694 0.385079235 -0.144216776 -0.679536700 -0.372810066 0.921919405 0.105248265 0.611218750 0.173485160 -0.042173136 0.983933032 -0.374879926
0.990968525 0.039750535 -0.128067702 0.371623546 -0.025400393 0.993406475 0.111796007 -0.114610501 0.131667227 -0.107533343 0.985444188 0.027672725
0.999802113 0.019548923 -0.003672687 0.096613616 -0.019404216 0.999163687 0.035993554 0.056498330 0.004373249 -0.035915174 0.999345243 0.177192301
0.999794602 0.019918378 -0.003749964 0.096948072 -0.019786989 0.999282002 0.032307964 0.065355025 0.004390794 -0.032227114 0.999470890 0.173514605
0.999794245 0.019858580 -0.004137717 0.097753122 -0.019717129 0.999299467 0.031804632 0.065481380 0.004766414 -0.031716499 0.999485552 0.171803743
0.999796808 0.019908253 -0.003183014 0.095618509 -0.019796854 0.999296188 0.031860959 0.065134935 0.003815070 -0.031791471 0.999487221 0.171725124
0.999796927 0.019895703 -0.003198959 0.095251106 -0.019779487 0.999260068 0.032983951 0.062552147 0.003852831 -0.032913979 0.999450743 0.170587882
0.999795735 0.019217663 -0.006268957 0.102635577 -0.018984966 0.999197245 0.035276804 0.057225931 0.006941861 -0.035150576 0.999357939 0.170294777
0.999789596 0.019669747 -0.005826030 0.101562910 -0.019457458 0.999215484 0.034492981 0.058849644 0.006499928 -0.034372363 0.999387980 0.169824511
0.999798536 0.019428529 -0.005041439 0.099950776 -0.019241475 0.999208212 0.034821343 0.058163356 0.005713976 -0.034717318 0.999380827 0.170324132
0.999799073 0.019666882 -0.003858438 0.097290337 -0.019522535 0.999216259 0.034433223 0.059062522 0.004532609 -0.034350984 0.999399543 0.171071991
0.999800384 0.019540621 -0.004168341 0.097735316 -0.019387636 0.999232590 0.034032557 0.059695948 0.004830159 -0.033944953 0.999412060 0.170393676
0.999803543 0.019370409 -0.004198764 0.098043054 -0.019211018 0.999197066 0.035156738 0.057253622 0.004876393 -0.035069171 0.999373019 0.171400949
0.999807954 0.019187614 -0.003964275 0.097619876 -0.019040208 0.999227762 0.034368213 0.059237354 0.004620658 -0.034286138 0.999401391 0.172280952
0.999815822 0.019071802 0.002139847 0.117432863 -0.019135064 0.999203563 0.035014663 0.061259530 -0.001470350 -0.035049159 0.999384522 0.194175348
0.999786317 0.018951332 0.008243813 0.137379289 -0.019233856 0.999178648 0.035660502 0.063293904 -0.007561229 -0.035811443 0.999329984 0.215947077
0.805599213 0.092701621 -0.585163534 -0.642886221 -0.015125870 0.990579009 0.136103690 -0.182274371 0.592267752 -0.100793920 0.799412012 -1.450609922
0.293614239 0.190003499 -0.936850786 -0.292517036 0.048408989 0.975834250 0.213081479 -0.598059893 0.954697430 -0.107915804 0.277321339 -3.225686073
0.800383508 0.087090507 -0.593128502 -0.623312533 -0.000586473 0.989504576 0.144500017 -0.261700928 0.599487841 -0.115307584 0.792034388 -1.529513359
0.804781795 0.090283796 -0.586664379 -0.638430178 -0.013423664 0.990880191 0.134075478 -0.182559341 0.593418837 -0.100026332 0.798654377 -1.455175877
0.804674685 0.090712093 -0.586745203 -0.638321579 -0.012857204 0.990689754 0.135530174 -0.185731947 0.593576729 -0.101513781 0.798349321 -1.455190659
0.804672539 0.090619668 -0.586762428 -0.638285875 -0.012717525 0.990687311 0.135561377 -0.185718358 0.593582630 -0.101620354 0.798331380 -1.455154777
0.804719627 0.090388075 -0.586733580 -0.638243556 -0.012594100 0.990717828 0.135349974 -0.185537696 0.593521416 -0.101529390 0.798388422 -1.455188036
0.804651082 0.090518281 -0.586807489 -0.638088465 -0.012667918 0.990703046 0.135450751 -0.185641125 0.593612731 -0.101556964 0.798317015 -1.455044389
0.804682732 0.090415955 -0.586779892 -0.638152540 -0.012699170 0.990730882 0.135245055 -0.185255423 0.593569219 -0.101377755 0.798372149 -1.455091476
0.804653883 0.090581506 -0.586793900 -0.638175070 -0.012836954 0.990717232 0.135330960 -0.185364559 0.593605340 -0.101361908 0.798347294 -1.455182552
0.804676235 0.090366922 -0.586796343 -0.638053536 -0.012690274 0.990740776 0.135172352 -0.185275659 0.593578219 -0.101323381 0.798372388 -1.455092669
0.805361092 0.088900857 -0.586080253 -0.638664067 -0.012117874 0.990952730 0.133663088 -0.180821270 0.592660666 -0.100545026 0.799152076 -1.449401140
0.805703700 0.088267334 -0.585705042 -0.639036000 -0.012016774 0.991066456 0.132826000 -0.178903759 0.592196882 -0.099980101 0.799566627 -1.448887706
0.805224419 0.091589995 -0.585853994 -0.640431404 -0.013223775 0.990527034 0.136679575 -0.183320165 0.592822671 -0.102310531 0.798807740 -1.447862864
