1.000000000 0.000000000 0.000000000 0.000000000 0.000000000 1.000000000 0.000000000 0.000000000 0.000000000 0.000000000 1.000000000 0.000000000
1.000000000 -0.000120839 0.000093091 -0.012791012 0.000120708 0.999998987 0.001408654 -0.012877571 -0.000093261 -0.001408642 0.999998987 1.318870783
0.999998629 -0.001561083 -0.000589618 -0.012844141 0.001562129 0.999997139 0.001777729 -0.038995408 0.000586841 -0.001778648 0.999998212 2.609164715
0.999995708 -0.002869503 -0.000610456 -0.017132768 0.002870003 0.999995470 0.000819542 -0.055725455 0.000608102 -0.000821290 0.999999464 3.917997360
0.999994993 -0.003127132 -0.000497689 -0.026717503 0.003127609 0.999994636 0.000960757 -0.074343525 0.000494682 -0.000962309 0.999999404 5.242897034
0.999992490 -0.003826188 -0.000646534 -0.023140537 0.003827441 0.999990761 0.001949249 -0.101910695 0.000639070 -0.001951709 0.999997914 6.569966793
0.999986708 -0.005147621 -0.000083032 -0.040225014 0.005147849 0.999982119 0.003030422 -0.116532296 0.000067431 -0.003030810 0.999995470 7.878972530
0.999989450 -0.004568823 -0.000392370 -0.041515574 0.004570185 0.999983251 0.003545947 -0.136625916 0.000376162 -0.003547703 0.999993622 9.228199959
0.999993801 -0.003506240 -0.000584852 -0.052214611 0.003507254 0.999992430 0.001741663 -0.154391900 0.000578741 -0.001743703 0.999998271 10.571442604
0.999998808 -0.001298041 -0.000830113 -0.059733212 0.001297933 0.999999106 -0.000131008 -0.179889545 0.000830283 0.000129931 0.999999583 11.900905609
0.999996781 0.002517501 -0.000250540 -0.079815686 -0.002517719 0.999996424 -0.000873153 -0.203298986 0.000248341 0.000873781 0.999999523 13.242056847
0.999989748 0.004517680 -0.000268671 -0.095082678 -0.004517949 0.999989271 -0.001011347 -0.224410877 0.000264099 0.001012551 0.999999464 14.576745033
0.999984562 0.005551329 -0.000224631 -0.101716094 -0.005551389 0.999984562 -0.000268826 -0.243558899 0.000223136 0.000270068 1.000000000 15.931259155
0.999994934 0.003143477 0.000326073 -0.109181128 -0.003144349 0.999991417 0.002706909 -0.269815713 -0.000317561 -0.002707921 0.999996245 17.289117813
0.999999225 -0.001138607 0.000445629 -0.112302467 0.001136574 0.999989092 0.004534973 -0.288695514 -0.000450787 -0.004534464 0.999989569 18.641532898
0.999993861 -0.003510997 0.000021934 -0.109481089 0.003510944 0.999991655 0.002094881 -0.302331984 -0.000029289 -0.002094791 0.999997795 19.990091324
0.999989092 -0.004684451 -0.000028733 -0.117557950 0.004684459 0.999989033 0.000295133 -0.322362781 0.000027350 -0.000295264 0.999999940 21.344200134
0.999997973 -0.001834809 0.000853626 -0.126535431 0.001835995 0.999997497 -0.001390297 -0.343605518 -0.000851073 0.001391862 0.999998689 22.692317963
0.999998689 0.000875481 0.001430485 -0.133913189 -0.000876696 0.999999285 0.000848890 -0.365187436 -0.001429740 -0.000850143 0.999998629 24.061941147
0.999996841 0.001176125 0.002218916 -0.153719738 -0.001185894 0.999989688 0.004405851 -0.381888926 -0.002213710 -0.004408468 0.999987841 25.420080185
0.999995410 -0.001306960 0.002741900 -0.153530955 0.001290075 0.999980271 0.006150523 -0.397246271 -0.002749885 -0.006146956 0.999977350 26.809984207
0.999983609 -0.005283567 0.002233979 -0.148179382 0.005273773 0.999976635 0.004367242 -0.412750185 -0.002257001 -0.004355389 0.999987960 28.184295654
0.999983609 -0.005336462 0.002131088 -0.149797991 0.005332445 0.999984026 0.001886415 -0.429391772 -0.002141121 -0.001875020 0.999995947 29.564210892
0.999980450 -0.005634906 0.002738091 -0.150507778 0.005636650 0.999983966 -0.000629360 -0.447074324 -0.002734501 0.000644782 0.999996066 30.953884125
0.999991655 -0.002222656 0.003427171 -0.156139493 0.002226907 0.999996781 -0.001237259 -0.475024134 -0.003424410 0.001244881 0.999993384 32.332500458
0.999993324 -0.000816605 0.003576687 -0.160837814 0.000829737 0.999992907 -0.003671468 -0.495900929 -0.003573663 0.003674411 0.999986947 33.708099365
0.999991834 -0.000385504 0.004016876 -0.163856998 0.000396743 0.999996006 -0.002797425 -0.524172008 -0.004015781 0.002798996 0.999988019 35.095066071
0.999992311 -0.000196825 0.003893610 -0.173516259 0.000203360 0.999998629 -0.001678030 -0.549657166 -0.003893273 0.001678808 0.999991059 36.475448608
0.999992490 0.001088590 0.003702604 -0.176694378 -0.001089220 0.999999344 0.000168132 -0.577828884 -0.003702419 -0.000172164 0.999993145 37.874870300
0.999986827 0.003664575 0.003598999 -0.185116142 -0.003666615 0.999993145 0.000560315 -0.600171983 -0.003596921 -0.000573503 0.999993384 39.279067993
0.999970794 0.006402777 0.004178728 -0.194816932 -0.006402484 0.999979496 -0.000083316 -0.619292378 -0.004179176 0.000056559 0.999991238 40.686645508
0.999960005 0.008052466 0.003888218 -0.194738984 -0.008055666 0.999967277 0.000807814 -0.646161199 -0.003881585 -0.000839104 0.999992132 42.085296631
0.999951184 0.009225208 0.003534984 -0.201352596 -0.009226349 0.999957383 0.000306355 -0.661180615 -0.003532007 -0.000338955 0.999993682 43.509166718
0.999957383 0.008538350 0.003509897 -0.213688895 -0.008537913 0.999963522 -0.000139119 -0.678483963 -0.003510956 0.000109146 0.999993861 44.911941528
0.999970198 0.007237823 0.002675796 -0.216440663 -0.007238291 0.999973774 0.000165406 -0.711032569 -0.002674529 -0.000184770 0.999996424 46.314266205
0.999979198 0.006284677 0.001454217 -0.216629833 -0.006285160 0.999980211 0.000328125 -0.734485269 -0.001452126 -0.000337258 0.999998868 47.727901459
0.999976099 0.006897733 0.000510248 -0.217576548 -0.006898506 0.999975026 0.001529603 -0.755979240 -0.000499685 -0.001533086 0.999998629 49.159511566
0.999971271 0.007579557 -0.000325818 -0.234068707 -0.007579190 0.999970675 0.001111260 -0.773163080 0.000334231 -0.001108758 0.999999285 50.565948486
0.999970138 0.007601223 -0.001411424 -0.251508653 -0.007598867 0.999969780 0.001667241 -0.796821356 0.001424054 -0.001656466 0.999997556 51.973152161
0.999968827 0.007439338 -0.002616094 -0.259950995 -0.007432428 0.999968886 0.002640913 -0.821119726 0.002635659 -0.002621386 0.999993026 53.417091370
0.999976337 0.006189927 -0.002973102 -0.273038775 -0.006179183 0.999974370 0.003608707 -0.838586092 0.002995364 -0.003590250 0.999989033 54.859786987
0.999986708 0.003990843 -0.003250282 -0.288864970 -0.003978181 0.999984562 0.003892396 -0.862473488 0.003265766 -0.003879414 0.999987125 56.302513123
0.999988854 0.002548198 -0.003955573 -0.294679523 -0.002536509 0.999992430 0.002957169 -0.878014326 0.003963079 -0.002947103 0.999987721 57.726696014
0.999990582 0.001121699 -0.004178071 -0.305736363 -0.001106287 0.999992669 0.003689284 -0.901463985 0.004182178 -0.003684628 0.999984443 59.149520874
0.999993324 -0.000283952 -0.003635634 -0.318467736 0.000298640 0.999991775 0.004040021 -0.919347882 0.003634457 -0.004041079 0.999985218 60.579452515
0.999993742 -0.001511178 -0.003216521 -0.326397300 0.001527517 0.999985874 0.005083491 -0.939037502 0.003208793 -0.005088372 0.999981880 62.012161255
0.999995053 -0.002139298 -0.002277814 -0.349812537 0.002149638 0.999987364 0.004546890 -0.963149786 0.002268058 -0.004551764 0.999987066 63.420097351
0.999991775 -0.003616093 -0.001831545 -0.358575672 0.003622469 0.999987364 0.003489959 -0.978189170 0.001818902 -0.003496566 0.999992192 64.839309692
0.999993682 -0.003354833 -0.001182870 -0.366198808 0.003358642 0.999989152 0.003233465 -1.000513196 0.001172010 -0.003237418 0.999994040 66.250183105
0.999997675 -0.002153429 0.000369509 -0.380733401 0.002152191 0.999992311 0.003319631 -1.021090388 -0.000376655 -0.003318828 0.999994457 67.674720764
0.999999106 0.001291406 0.000409731 -0.394212365 -0.001293130 0.999990225 0.004234247 -1.037561893 -0.000404258 -0.004234772 0.999990940 69.074851990
0.999988317 0.004588109 0.001563189 -0.411732793 -0.004596421 0.999975085 0.005355657 -1.056406736 -0.001538577 -0.005362778 0.999984384 70.459953308
0.999966860 0.007964182 0.001699732 -0.412521869 -0.007974531 0.999949098 0.006170477 -1.077913880 -0.001650503 -0.006183827 0.999979496 71.892883301
0.999923289 0.012149556 0.002427666 -0.429069281 -0.012163739 0.999908507 0.005915692 -1.096791863 -0.002355571 -0.005944767 0.999979615 73.287849426
0.999868631 0.015876567 0.003266858 -0.443779469 -0.015893290 0.999860406 0.005157920 -1.116990805 -0.003184512 -0.005209163 0.999981284 74.689247131
0.999845207 0.017164936 0.003870317 -0.445723683 -0.017185530 0.999837995 0.005352300 -1.138174534 -0.003777819 -0.005417985 0.999978185 76.079116821
0.999841690 0.017309012 0.004122374 -0.448633999 -0.017332001 0.999834061 0.005607711 -1.152725577 -0.004024625 -0.005678272 0.999975801 77.491699219
0.999851346 0.016558979 0.004800523 -0.464010030 -0.016584979 0.999847710 0.005428118 -1.180826545 -0.004709908 -0.005506928 0.999973714 78.868698120
0.999872386 0.015250683 0.004766460 -0.466951340 -0.015272498 0.999872923 0.004574577 -1.197428346 -0.004696088 -0.004646789 0.999978185 80.251571655
0.999881864 0.014677607 0.004566703 -0.470477194 -0.014699504 0.999880373 0.004799115 -1.222645640 -0.004495718 -0.004865677 0.999978006 81.627189636
0.999886930 0.014447371 0.004164545 -0.465749294 -0.014467612 0.999883473 0.004872210 -1.238469362 -0.004093669 -0.004931910 0.999979436 83.024826050
0.999895573 0.013986554 0.003628004 -0.467224121 -0.014002519 0.999892235 0.004413060 -1.258255243 -0.003565890 -0.004463401 0.999983668 84.401695251
0.999897718 0.013935474 0.003213834 -0.477645755 -0.013951315 0.999890447 0.004960600 -1.275218725 -0.003144353 -0.005004930 0.999982536 85.735626221
0.999906480 0.013516147 0.002069087 -0.479579926 -0.013527763 0.999892235 0.005706716 -1.299730659 -0.001991731 -0.005734174 0.999981523 87.140853882
0.999936461 0.011184436 0.001388960 -0.497099519 -0.011193507 0.999914944 0.006704755 -1.311462522 -0.001313853 -0.006719877 0.999976575 88.560607910
0.999956250 0.009332803 -0.000584930 -0.476711541 -0.009328469 0.999931872 0.007020642 -1.334752202 0.000650413 -0.007014879 0.999975145 89.892639160
0.999973118 0.007132064 -0.001694742 -0.477200717 -0.007119636 0.999948502 0.007229282 -1.354191422 0.001746215 -0.007217022 0.999972463 91.256240845
0.999980867 0.005860543 -0.001941767 -0.499604493 -0.005847606 0.999961138 0.006602078 -1.371344447 0.001980383 -0.006590598 0.999976337 92.635772705
0.999984205 0.005216486 -0.002061947 -0.513922215 -0.005203899 0.999968112 0.006063322 -1.384552360 0.002093511 -0.006052496 0.999979556 93.983283997
0.999984384 0.005253769 -0.001894616 -0.529412627 -0.005243158 0.999970794 0.005562714 -1.404334784 0.001923787 -0.005552692 0.999982715 95.332420349
0.999986172 0.004960317 -0.001731366 -0.547281742 -0.004951302 0.999974370 0.005172958 -1.423396349 0.001756981 -0.005164314 0.999985158 96.681053162
0.999981284 0.005849943 -0.001779171 -0.550595462 -0.005841707 0.999972343 0.004599215 -1.449642301 0.001806026 -0.004588736 0.999987781 98.037872314
0.999970853 0.007507613 -0.001373431 -0.573556840 -0.007500965 0.999960423 0.004783292 -1.466783762 0.001409287 -0.004772850 0.999987602 99.376029968
0.999970198 0.007699062 -0.000621218 -0.583242476 -0.007695017 0.999950707 0.006273450 -1.483477592 0.000669487 -0.006268482 0.999980152 100.720169067
0.999960661 0.008835378 -0.000757219 -0.599072039 -0.008829025 0.999928892 0.008017757 -1.503811836 0.000828005 -0.008010756 0.999967575 102.048011780
0.999968767 0.007912562 -0.000391603 -0.600566506 -0.007909839 0.999947369 0.006532105 -1.527580023 0.000443268 -0.006528802 0.999978602 103.424201965
0.999966562 0.008182443 0.000113470 -0.618849576 -0.008182834 0.999958396 0.004017059 -1.537975550 -0.000080595 -0.004017854 0.999991894 104.748672485
0.999974310 0.007164095 -0.000084492 -0.624944508 -0.007163829 0.999970376 0.002824963 -1.563610911 0.000104728 -0.002824285 0.999995947 106.075157166
0.999987602 0.004965135 0.000221923 -0.634808719 -0.004965984 0.999979734 0.003998258 -1.578726530 -0.000202067 -0.003999310 0.999992013 107.416252136
0.999996305 0.002544554 0.000884748 -0.646278381 -0.002549974 0.999977648 0.006178794 -1.599777460 -0.000869006 -0.006181028 0.999980509 108.738388062
0.999998271 0.001011689 0.001528459 -0.648337126 -0.001022040 0.999976456 0.006785912 -1.618670344 -0.001521558 -0.006787462 0.999975860 110.074226379
0.999997079 0.000717821 0.002288209 -0.650442660 -0.000729150 0.999987483 0.004953751 -1.625242949 -0.002284625 -0.004955405 0.999985099 111.418762207
0.999990761 0.003103704 0.002961487 -0.657452285 -0.003111986 0.999991298 0.002795914 -1.641651750 -0.002952784 -0.002805104 0.999991715 112.748008728
0.999977767 0.004971474 0.004448228 -0.677028596 -0.004973956 0.999987483 0.000547051 -1.662262797 -0.004445453 -0.000569164 0.999989986 114.072937012
0.999955237 0.007717405 0.005488864 -0.678245366 -0.007722175 0.999969840 0.000848190 -1.685712576 -0.005482153 -0.000890538 0.999984622 115.395904541
0.999936998 0.008594240 0.007224062 -0.676053584 -0.008616188 0.999958336 0.003012578 -1.712567568 -0.007197870 -0.003074632 0.999969363 116.749626160
0.999929011 0.008619063 0.008224081 -0.669704437 -0.008662937 0.999948323 0.005314203 -1.729802608 -0.008177853 -0.005385072 0.999952018 118.078033447
0.999922931 0.008463820 0.009082244 -0.669429541 -0.008516470 0.999947071 0.005773956 -1.746882081 -0.009032895 -0.005850860 0.999942005 119.419296265
0.999908686 0.009052646 0.010026865 -0.661652565 -0.009103972 0.999945641 0.005084976 -1.760003686 -0.009980287 -0.005175795 0.999936759 120.759963989
0.999874949 0.010685785 0.011650141 -0.663545251 -0.010740500 0.999931514 0.004644084 -1.777658343 -0.011599719 -0.004768633 0.999921322 122.090637207
0.999836802 0.012562927 0.012981167 -0.655976176 -0.012617511 0.999911904 0.004131626 -1.788026810 -0.012928118 -0.004294742 0.999907196 123.441200256
0.999813080 0.013351346 0.013979924 -0.650510550 -0.013398509 0.999904752 0.003285394 -1.811882019 -0.013934730 -0.003472090 0.999896884 124.768188477
0.999775529 0.014597214 0.015354636 -0.645200253 -0.014633616 0.999890327 0.002261146 -1.825453997 -0.015319946 -0.002485332 0.999879599 126.116577148
0.999777913 0.013650212 0.016051058 -0.630079448 -0.013685594 0.999904156 0.002096544 -1.844129443 -0.016020896 -0.002315747 0.999868929 127.473678589
0.999763668 0.013510261 0.017039584 -0.623606384 -0.013566444 0.999903023 0.003186052 -1.858698130 -0.016994882 -0.003416466 0.999849737 128.818344116
0.999769032 0.012006142 0.017824681 -0.608012259 -0.012081053 0.999918640 0.004100953 -1.876423836 -0.017773991 -0.004315347 0.999832749 130.165435791
0.999770701 0.011271131 0.018208312 -0.597368717 -0.011349268 0.999926865 0.004193792 -1.887683749 -0.018159706 -0.004399482 0.999825418 131.535369873
0.999795139 0.009029778 0.018116003 -0.569921136 -0.009111921 0.999948502 0.004456993 -1.914352059 -0.018074822 -0.004621151 0.999825895 132.885330200
0.999795437 0.007839392 0.018643782 -0.562685311 -0.007938283 0.999954700 0.005236160 -1.932376385 -0.018601891 -0.005383089 0.999812424 134.236801147
0.999823511 0.005892461 0.017837135 -0.548093915 -0.005978754 0.999970615 0.004788377 -1.950260282 -0.017808395 -0.004894176 0.999829412 135.573364258
0.999852002 0.004704744 0.016545810 -0.530474186 -0.004786476 0.999976516 0.004903640 -1.967670321 -0.016522348 -0.004982110 0.999851048 136.903564453
0.999870479 0.003411326 0.015725873 -0.513723195 -0.003496519 0.999979317 0.005393015 -1.983032346 -0.015707152 -0.005447301 0.999861777 138.261856079
0.999888420 0.001672870 0.014845012 -0.500351608 -0.001757979 0.999982119 0.005721978 -2.002772093 -0.014835171 -0.005747437 0.999873459 139.594451904
0.999911189 0.001828227 0.013198931 -0.485136390 -0.001897948 0.999984443 0.005271740 -2.012903690 -0.013189087 -0.005296323 0.999898970 140.963806152
0.999923170 0.001243399 0.012337894 -0.478658557 -0.001306075 0.999986410 0.005073146 -2.033569098 -0.012331418 -0.005088870 0.999911010 142.303146362
0.999938548 0.001199302 0.011029459 -0.467174500 -0.001250559 0.999988377 0.004641647 -2.050256968 -0.011023764 -0.004655154 0.999928415 143.654266357
0.999947309 -0.001629911 0.010132684 -0.460654676 0.001606858 0.999996126 0.002282880 -2.068814754 -0.010136365 -0.002266477 0.999946058 144.989746094
0.999934375 -0.007006037 0.009064064 -0.442651093 0.006990417 0.999974012 0.001753931 -2.086872339 -0.009076118 -0.001690454 0.999957323 146.356567383
0.999864876 -0.014205740 0.008272139 -0.434140563 0.014171579 0.999890804 0.004173612 -2.103950977 -0.008330527 -0.004055819 0.999957025 147.702407837
0.999761820 -0.020835413 0.006487207 -0.420669019 0.020800434 0.999769092 0.005413041 -2.121921301 -0.006598491 -0.005276816 0.999964297 149.043121338
0.999678373 -0.024735333 0.005593592 -0.402527601 0.024723934 0.999692142 0.002098265 -2.138620853 -0.005643771 -0.001959295 0.999982119 150.402435303
0.999701858 -0.023702540 0.005862691 -0.403525174 0.023710979 0.999717891 -0.001374189 -2.160623789 -0.005828467 0.001512790 0.999981880 151.768676758
0.999775827 -0.019931942 0.007136957 -0.413046062 0.019953324 0.999796629 -0.002937243 -2.190801144 -0.007076961 0.003078991 0.999970257 153.093093872
0.999753416 -0.020814281 0.007740006 -0.408366591 0.020837508 0.999778569 -0.002932847 -2.220601797 -0.007677247 0.003093406 0.999965727 154.465835571
0.999672294 -0.024148239 0.008490619 -0.404179931 0.024142651 0.999708176 0.000760031 -2.247453928 -0.008506495 -0.000554796 0.999963641 155.814010620
0.999538124 -0.029029278 0.008989476 -0.390686661 0.029001983 0.999574363 0.003151956 -2.265448093 -0.009077149 -0.002889787 0.999954641 157.188781738
0.999429941 -0.032518834 0.009075141 -0.377384841 0.032478463 0.999462068 0.004561164 -2.281872988 -0.009218582 -0.004263818 0.999948442 158.529342651
0.999366224 -0.034451965 0.008966154 -0.360790759 0.034413442 0.999397933 0.004416400 -2.302979231 -0.009112910 -0.004105045 0.999949992 159.908447266
0.999403894 -0.033073202 0.009903098 -0.356908053 0.033019692 0.999439478 0.005519435 -2.324095488 -0.010080094 -0.005189147 0.999935687 161.249176025
0.999514401 -0.029105341 0.011125310 -0.342656463 0.029054083 0.999566555 0.004741484 -2.344239712 -0.011258491 -0.004415946 0.999926805 162.619964600
0.999617159 -0.024779411 0.012308617 -0.349228293 0.024753980 0.999691129 0.002214153 -2.358234406 -0.012359681 -0.001908618 0.999921799 163.968353271
0.999672651 -0.021911846 0.013213128 -0.339355141 0.021894179 0.999759138 0.001480535 -2.374716282 -0.013242388 -0.001190759 0.999911606 165.320846558
0.999708533 -0.020012863 0.013503741 -0.332150877 0.019976508 0.999796450 0.002821791 -2.396050215 -0.013557464 -0.002551212 0.999904811 166.682067871
0.999755025 -0.018103518 0.012729730 -0.307724446 0.018072372 0.999833345 0.002557653 -2.420270205 -0.012773911 -0.002326970 0.999915659 168.051239014
0.999792874 -0.015710590 0.012938678 -0.305255204 0.015714539 0.999876440 -0.000203402 -2.433382750 -0.012933885 0.000406685 0.999916255 169.408676147
0.999854088 -0.011744813 0.012402890 -0.300005913 0.011785589 0.999925375 -0.003219681 -2.453975439 -0.012364150 0.003365387 0.999917924 170.766784668
0.999900997 -0.006741001 0.012351759 -0.297125936 0.006789512 0.999969304 -0.003889720 -2.486755133 -0.012325160 0.003973197 0.999916136 172.132095337
0.999919295 -0.002118771 0.012525514 -0.288618535 0.002153531 0.999993861 -0.002762257 -2.511254787 -0.012519585 0.002789009 0.999917686 173.509811401
0.999915421 0.000494558 0.012996844 -0.283175290 -0.000481787 0.999999404 -0.000985718 -2.532961130 -0.012997324 0.000979373 0.999915004 174.869918823
0.999915302 0.001727804 0.012897602 -0.267813742 -0.001744688 0.999997616 0.001298004 -2.558038712 -0.012895327 -0.001320396 0.999915957 176.257339478
0.999926269 -0.001868911 0.012005375 -0.255120248 0.001838485 0.999995112 0.002544970 -2.581349373 -0.012010072 -0.002522710 0.999924660 177.635040283
0.999936283 -0.004112026 0.010510612 -0.243321568 0.004085960 0.999988556 0.002500277 -2.595402479 -0.010520777 -0.002457172 0.999941647 179.034347534
0.999956191 -0.004177328 0.008376973 -0.234322309 0.004195594 0.999988854 -0.002164057 -2.612431765 -0.008367839 0.002199108 0.999962628 180.428329468
0.999971271 -0.003340946 0.006820793 -0.226975128 0.003380131 0.999977946 -0.005741582 -2.647278547 -0.006801460 0.005764472 0.999960244 181.823272705
0.999978304 0.001737032 0.006348498 -0.237629250 -0.001696353 0.999977946 -0.006407402 -2.672305584 -0.006359488 0.006396494 0.999959350 183.214233398
0.999965906 0.005219399 0.006392061 -0.246586323 -0.005184741 0.999971926 -0.005426665 -2.701197386 -0.006420205 0.005393340 0.999964774 184.603881836
0.999947429 0.007643553 0.006856088 -0.254722655 -0.007628799 0.999968529 -0.002175682 -2.727847576 -0.006872504 0.002123264 0.999974132 185.995407104
0.999942780 0.007930372 0.007177200 -0.261118382 -0.007931083 0.999968529 0.000070901 -2.754635572 -0.007176411 -0.000127820 0.999974251 187.387100220
0.999945521 0.007443709 0.007313506 -0.259559333 -0.007449532 0.999971926 0.000769384 -2.768136263 -0.007307573 -0.000823824 0.999972999 188.795944214
0.999947548 0.006842243 0.007623799 -0.261076957 -0.006850902 0.999975860 0.001110299 -2.792469263 -0.007616017 -0.001162470 0.999970317 190.182205200
0.999956429 0.004590316 0.008128914 -0.261218131 -0.004603089 0.999988139 0.001553354 -2.814043760 -0.008121687 -0.001590704 0.999965727 191.593307495
0.999965191 0.002143021 0.008062717 -0.237338111 -0.002155441 0.999996483 0.001532032 -2.830896378 -0.008059405 -0.001549358 0.999966264 193.036880493
0.999960542 -0.000976054 0.008821212 -0.237018123 0.000953771 0.999996364 0.002529936 -2.850989580 -0.008823649 -0.002521423 0.999957860 194.458587646
0.999944270 -0.005701637 0.008888584 -0.215203851 0.005662846 0.999974370 0.004383240 -2.877028227 -0.008913346 -0.004332660 0.999950886 195.910690308
0.999928415 -0.008004131 0.008892362 -0.200396225 0.007968250 0.999960065 0.004063204 -2.891243458 -0.008924529 -0.003992057 0.999952197 197.342926025
0.999934196 -0.005931108 0.009811788 -0.201062083 0.005934132 0.999982476 -0.000279214 -2.908044338 -0.009809959 0.000337420 0.999951780 198.760467529
0.999946773 0.001724579 0.010169375 -0.200982437 -0.001671195 0.999984860 -0.005255749 -2.930500269 -0.010178285 0.005238474 0.999934494 200.180343628
0.999874890 0.010850620 0.011510508 -0.204461172 -0.010787724 0.999926567 -0.005512217 -2.957432508 -0.011569474 0.005387356 0.999918580 201.653320312
0.999753892 0.018363308 0.012452498 -0.209155142 -0.018340912 0.999830008 -0.001910451 -2.983877897 -0.012485462 0.001681591 0.999920726 203.083557129
0.999707639 0.019869993 0.013775681 -0.208895028 -0.019878378 0.999802291 0.000472043 -3.018363953 -0.013763579 -0.000745743 0.999904990 204.529586792
0.999753237 0.017820312 0.013263813 -0.195103139 -0.017832393 0.999840736 0.000793319 -3.035633564 -0.013247564 -0.001029648 0.999911726 205.972656250
0.999810576 0.014796774 0.012638474 -0.186816335 -0.014805267 0.999890208 0.000578814 -3.055600166 -0.012628521 -0.000765821 0.999919951 207.417724609
0.999850392 0.012977487 0.011436954 -0.167454705 -0.012982065 0.999915659 0.000326084 -3.077825785 -0.011431762 -0.000474510 0.999934554 208.867034912
0.999857306 0.013173655 0.010573014 -0.148732215 -0.013175597 0.999913156 0.000114092 -3.101663589 -0.010570593 -0.000253382 0.999944150 210.340805054
0.999837279 0.014714340 0.010437096 -0.145375267 -0.014719458 0.999891520 0.000413634 -3.126859188 -0.010429880 -0.000567195 0.999945402 211.791442871
0.999819398 0.015710354 0.010696494 -0.135310635 -0.015720973 0.999876022 0.000909450 -3.153121710 -0.010680881 -0.001077445 0.999942303 213.286666870
0.999818683 0.015719481 0.010747266 -0.134779036 -0.015723053 0.999876380 0.000248139 -3.172963619 -0.010742038 -0.000417074 0.999942124 214.751693726
0.999833107 0.014956177 0.010492569 -0.127418831 -0.014950749 0.999888062 -0.000595439 -3.198555946 -0.010500299 0.000438468 0.999944687 216.216506958
0.999840617 0.014505331 0.010408365 -0.122019328 -0.014496863 0.999894500 -0.000888549 -3.219946146 -0.010420155 0.000737519 0.999945402 217.673995972
0.999836862 0.014952859 0.010131194 -0.116361424 -0.014942222 0.999887645 -0.001124654 -3.247069359 -0.010146874 0.000973088 0.999948025 219.152633667
0.999835432 0.015196235 0.009902839 -0.112462848 -0.015184829 0.999883890 -0.001226102 -3.272087812 -0.009920322 0.001075527 0.999950230 220.627441406
0.999839962 0.015236572 0.009375853 -0.104592182 -0.015224128 0.999883056 -0.001397270 -3.298170567 -0.009396047 0.001254307 0.999955118 222.114120483
0.999824107 0.016170930 0.009499730 -0.110120684 -0.016157880 0.999868333 -0.001449479 -3.329644203 -0.009521918 0.001295728 0.999953806 223.567077637
0.999823570 0.016340390 0.009271097 -0.106569201 -0.016324846 0.999865174 -0.001750179 -3.351230621 -0.009298447 0.001598520 0.999955416 225.043243408
0.999823570 0.016653594 0.008688336 -0.095675930 -0.016639227 0.999859989 -0.001723697 -3.381073952 -0.008715827 0.001578825 0.999960780 226.541183472
0.999838471 0.015803983 0.008556758 -0.092315793 -0.015787035 0.999873221 -0.002044736 -3.402646542 -0.008587989 0.001909320 0.999961317 228.035827637
0.999858379 0.014554073 0.008449893 -0.084758133 -0.014538011 0.999892414 -0.001959232 -3.435427666 -0.008477498 0.001836110 0.999962389 229.537109375
0.999869943 0.013230429 0.009226377 -0.090723462 -0.013217792 0.999911666 -0.001429247 -3.467452765 -0.009244472 0.001307108 0.999956429 231.035202026
0.999889791 0.011652690 0.009199380 -0.082936510 -0.011647352 0.999931991 -0.000633476 -3.490208387 -0.009206138 0.000526258 0.999957502 232.532760620
0.999888062 0.011706134 0.009323291 -0.078801371 -0.011705132 0.999931455 -0.000161934 -3.517491579 -0.009324548 0.000052785 0.999956608 234.036056519
0.999880195 0.012188923 0.009542478 -0.076246515 -0.012181203 0.999925375 -0.000866831 -3.544993401 -0.009552334 0.000750488 0.999954104 235.541000366
0.999872148 0.012799121 0.009582381 -0.065307572 -0.012787934 0.999917448 -0.001227723 -3.575735807 -0.009597304 0.001105026 0.999953270 237.048583984
0.999847829 0.014264252 0.010038661 -0.061873049 -0.014256785 0.999898016 -0.000815126 -3.599884510 -0.010049265 0.000671883 0.999949217 238.550842285
0.999831975 0.014609490 0.011073973 -0.063614368 -0.014625647 0.999892116 0.001379465 -3.623652935 -0.011052625 -0.001541197 0.999937713 240.061416626
0.999826193 0.014414448 0.011827666 -0.055629145 -0.014436104 0.999894261 0.001747595 -3.645733833 -0.011801225 -0.001918036 0.999928474 241.569076538
0.999815047 0.014719850 0.012371797 -0.051787287 -0.014726943 0.999891579 0.000482574 -3.675736427 -0.012363352 -0.000664683 0.999923348 243.061981201
0.999803782 0.015115700 0.012793862 -0.033189818 -0.015102676 0.999885380 -0.001113957 -3.696892738 -0.012809233 0.000920517 0.999917567 244.577423096
0.999807596 0.014740022 0.012940218 -0.021810567 -0.014739307 0.999891281 -0.000150723 -3.725810766 -0.012941035 -0.000040036 0.999916196 246.098907471
0.999818802 0.014356903 0.012500169 -0.002948746 -0.014369908 0.999896288 0.000951131 -3.749480486 -0.012485217 -0.001130585 0.999921441 247.633331299
0.999808609 0.014866350 0.012721175 -0.001727493 -0.014885100 0.999888241 0.001380395 -3.774146557 -0.012699233 -0.001569487 0.999918163 249.163513184
0.999813497 0.014891203 0.012295461 0.014595691 -0.014912006 0.999887526 0.001601922 -3.803954840 -0.012270226 -0.001784973 0.999923050 250.684005737
0.999782801 0.016462194 0.012784214 0.021586124 -0.016486119 0.999862492 0.001768395 -3.825867176 -0.012753347 -0.001978773 0.999916673 252.223678589
0.999748349 0.018047087 0.013326677 0.010913162 -0.018071286 0.999835193 0.001697524 -3.853471041 -0.013293844 -0.001937927 0.999909759 253.762863159
0.999735355 0.018368395 0.013849082 0.015830632 -0.018397823 0.999828696 0.002000389 -3.874527693 -0.013809967 -0.002254652 0.999902129 255.300933838
0.999770701 0.016745925 0.013345165 0.040041577 -0.016777935 0.999856591 0.002289943 -3.900794983 -0.013304904 -0.002513322 0.999908328 256.859100342
0.999795437 0.015314872 0.013213503 0.058426578 -0.015355035 0.999877751 0.002943381 -3.920438051 -0.013166810 -0.003145673 0.999908328 258.391540527
0.999829650 0.012853580 0.013245751 0.074909553 -0.012898252 0.999911368 0.003292558 -3.934145451 -0.013202255 -0.003462844 0.999906838 259.913848877
0.999846697 0.011105867 0.013532167 0.072488390 -0.011143533 0.999934256 0.002711175 -3.956047297 -0.013501170 -0.002861555 0.999904752 261.439147949
0.999865115 0.009912948 0.013095261 0.086890429 -0.009934120 0.999949455 0.001552631 -3.975476503 -0.013079208 -0.001682511 0.999913096 262.990570068
0.999869823 0.008397637 0.013776690 0.101781167 -0.008448918 0.999957561 0.003668336 -4.000763893 -0.013745300 -0.003784257 0.999898314 264.552886963
0.999877930 0.006279672 0.014309014 0.117227875 -0.006359283 0.999964535 0.005525078 -4.020571232 -0.014273811 -0.005615399 0.999882400 266.100982666
0.999881208 0.005336792 0.014460512 0.134482652 -0.005400862 0.999975741 0.004395278 -4.032755852 -0.014436705 -0.004472855 0.999885798 267.681365967
0.999875307 0.005210094 0.014908604 0.153464586 -0.005258895 0.999980867 0.003236063 -4.047711849 -0.014891460 -0.003314062 0.999883652 269.225097656
0.999866784 0.005309339 0.015430613 0.175695255 -0.005361175 0.999980092 0.003319844 -4.076939106 -0.015412679 -0.003402128 0.999875367 270.781951904
0.999844193 0.006886956 0.016253768 0.192123428 -0.006947961 0.999969065 0.003699797 -4.102910042 -0.016227782 -0.003812151 0.999861062 272.316162109
0.999820709 0.008290533 0.017024644 0.213625371 -0.008341779 0.999960840 0.002941255 -4.117921829 -0.016999593 -0.003082744 0.999850690 273.878692627
0.999794483 0.009474836 0.017924562 0.232538968 -0.009529098 0.999950230 0.002944334 -4.142020702 -0.017895773 -0.003114534 0.999835014 275.425567627
0.999773622 0.010165615 0.018698070 0.262363940 -0.010214815 0.999944568 0.002537553 -4.166000843 -0.018671237 -0.002727976 0.999821961 276.966461182
0.999756217 0.010897960 0.019202437 0.281543285 -0.010934374 0.999938607 0.001792322 -4.191867352 -0.019181725 -0.002001852 0.999813974 278.517822266
0.999748826 0.009606520 0.020247340 0.310177475 -0.009638251 0.999952495 0.001470181 -4.213782787 -0.020232255 -0.001664961 0.999793947 280.055511475
0.999733746 0.009083703 0.021208983 0.337043792 -0.009125704 0.999956608 0.001884449 -4.238260269 -0.021190943 -0.002077495 0.999773264 281.613708496
0.999730110 0.008297620 0.021700153 0.366344333 -0.008356906 0.999961734 0.002642741 -4.255286694 -0.021677395 -0.002823374 0.999761045 283.190032959
0.999737144 0.007416168 0.021694737 0.396629363 -0.007480986 0.999967873 0.002908125 -4.280940056 -0.021672472 -0.003069659 0.999760449 284.749389648
0.999737680 0.007340238 0.021691781 0.426100850 -0.007354131 0.999972820 0.000560799 -4.307408810 -0.021687074 -0.000720176 0.999764562 286.339508057
0.999752402 0.006140023 0.021384761 0.458108097 -0.006100096 0.999979496 -0.001931832 -4.328633785 -0.021396186 0.001800905 0.999769449 287.904937744
0.999759495 0.006261946 0.021014478 0.482410192 -0.006228160 0.999979138 -0.001672791 -4.356942654 -0.021024514 0.001541507 0.999777794 289.494873047
0.999784112 0.004869455 0.020199342 0.505307794 -0.004836631 0.999986887 -0.001673572 -4.381094933 -0.020207226 0.001575514 0.999794543 291.040679932
0.999808848 0.004844191 0.018939536 0.525462806 -0.004803651 0.999985993 -0.002185442 -4.409297943 -0.018949859 0.002094046 0.999818206 292.591644287
0.999819815 0.004601864 0.018412573 0.548497856 -0.004556291 0.999986470 -0.002516343 -4.434906006 -0.018423902 0.002431996 0.999827266 294.170959473
0.999831080 0.004872533 0.017723287 0.573124766 -0.004837471 0.999986351 -0.002020701 -4.466388226 -0.017732888 0.001934623 0.999840915 295.749664307
0.999851763 0.004390839 0.016648028 0.592260659 -0.004360703 0.999988794 -0.001846038 -4.498196125 -0.016655942 0.001773167 0.999859691 297.309875488
0.999872506 0.003788033 0.015513161 0.612496555 -0.003783299 0.999992788 -0.000334521 -4.526179314 -0.015514318 0.000275788 0.999879539 298.885253906
0.999875546 0.005479063 0.014793488 0.626033127 -0.005492534 0.999984562 0.000870118 -4.551040649 -0.014788492 -0.000951263 0.999890208 300.462341309
0.999859869 0.005687188 0.015742972 0.636863232 -0.005704475 0.999983191 0.001053374 -4.572353840 -0.015736720 -0.001143032 0.999875486 302.041503906
0.999845028 0.005889512 0.016590439 0.651428938 -0.005906742 0.999982059 0.000989758 -4.598581791 -0.016584309 -0.001087600 0.999861896 303.656005859
0.999842763 0.004695241 0.017099610 0.665909111 -0.004706827 0.999988735 0.000637407 -4.618618011 -0.017096423 -0.000717792 0.999853611 305.236785889
0.999850392 0.002714931 0.017082075 0.691376865 -0.002710424 0.999996305 -0.000286946 -4.644863129 -0.017082792 0.000240604 0.999854028 306.827880859
0.999848306 0.001216338 0.017374555 0.722053230 -0.001175634 0.999996483 -0.002352748 -4.667665482 -0.017377352 0.002331964 0.999846220 308.428344727
0.999855042 0.000870248 0.017000262 0.742035627 -0.000814290 0.999994218 -0.003298239 -4.696379185 -0.017003031 0.003283918 0.999850035 310.021606445
0.999892831 0.001534285 0.014557017 0.759235799 -0.001469056 0.999988854 -0.004490578 -4.724246502 -0.014563742 0.004468712 0.999884009 311.628723145
0.999919415 0.002367739 0.012474053 0.776303649 -0.002322263 0.999990582 -0.003658840 -4.752754688 -0.012482598 0.003629577 0.999915481 313.237335205
0.999924362 0.003318253 0.011848463 0.791115344 -0.003311378 0.999994338 -0.000599865 -4.778300285 -0.011850388 0.000560585 0.999929607 314.870452881
0.999924541 0.001644654 0.012167905 0.811621189 -0.001674634 0.999995589 0.002454053 -4.805422306 -0.012163817 -0.002474245 0.999922872 316.496734619
0.999929786 0.000551087 0.011834846 0.832292199 -0.000591492 0.999993980 0.003410820 -4.828481197 -0.011832896 -0.003417581 0.999924123 318.124328613
0.999918938 0.000108993 0.012730314 0.828217864 -0.000131205 0.999998450 0.001744034 -4.839243412 -0.012730107 -0.001745564 0.999917448 319.741546631
0.999914527 -0.001628644 0.012973451 0.837953925 0.001605459 0.999997020 0.001797313 -4.861625671 -0.012976342 -0.001776331 0.999914229 321.353637695
0.999910235 -0.000749833 0.013386009 0.840888023 0.000724591 0.999997914 0.001890478 -4.883265972 -0.013387400 -0.001880609 0.999908626 322.976226807
0.999901175 -0.001073779 0.014025498 0.855452120 0.001043715 0.999997079 0.002150710 -4.910761833 -0.014027770 -0.002135859 0.999899328 324.590881348
0.999902248 -0.000091126 0.013988003 0.870482326 0.000071385 0.999998987 0.001411795 -4.936186790 -0.013988119 -0.001410659 0.999901116 326.200775146
0.999887228 0.001572322 0.014937071 0.879787445 -0.001578712 0.999998629 0.000416029 -4.961966991 -0.014936395 -0.000439563 0.999888361 327.810119629
0.999886572 0.000063396 0.015063108 0.905494571 -0.000099115 0.999997139 0.002370527 -4.987764359 -0.015062915 -0.002371751 0.999883771 329.451049805
0.999881029 -0.001053957 0.015389254 0.927919686 0.001004025 0.999994218 0.003251977 -5.014822960 -0.015392595 -0.003236138 0.999876261 331.032470703
0.999880910 -0.002083997 0.015290728 0.946500123 0.002053863 0.999995947 0.001986144 -5.037699223 -0.015294807 -0.001954502 0.999881089 332.665344238
0.999891400 -0.001103666 0.014689317 0.975253224 0.001072896 0.999997258 0.002102416 -5.061905384 -0.014691596 -0.002086428 0.999889910 334.301330566
0.999890149 0.000908962 0.014792729 0.971784592 -0.000909184 0.999999583 0.000008316 -5.089179516 -0.014792715 -0.000021765 0.999890566 335.902160645
0.999898553 0.002709983 0.013980311 0.986979306 -0.002669560 0.999992132 -0.002909278 -5.119385242 -0.013988085 0.002871662 0.999898016 337.510406494
0.999900997 0.003943531 0.013509292 0.992188454 -0.003912449 0.999989629 -0.002326478 -5.153630733 -0.013518326 0.002273393 0.999906063 339.100280762
0.999914944 0.004377371 0.012287929 1.003927231 -0.004392029 0.999989688 0.001166043 -5.181770802 -0.012282697 -0.001219913 0.999923825 340.697814941
0.999927700 0.004990592 0.010946016 1.012788177 -0.005040319 0.999977171 0.004519994 -5.211284637 -0.010923209 -0.004574839 0.999929905 342.299102783
0.999930799 0.006108391 0.010053752 1.015797496 -0.006139306 0.999976516 0.003047146 -5.232922077 -0.010034902 -0.003108658 0.999944806 343.882324219
0.999951899 0.005280660 0.008265411 1.019918323 -0.005292352 0.999985039 0.001393144 -5.253444672 -0.008257932 -0.001436820 0.999964893 345.468139648
0.999969959 0.004144705 0.006549443 1.025817037 -0.004162655 0.999987602 0.002729374 -5.278639317 -0.006538048 -0.002756556 0.999974847 347.057250977
0.999980807 0.002747897 0.005559937 1.030965090 -0.002766334 0.999990642 0.003311041 -5.305104256 -0.005550786 -0.003326358 0.999979079 348.650695801
0.999980748 0.002623087 0.005625283 1.019707203 -0.002636959 0.999993443 0.002459928 -5.327414989 -0.005618794 -0.002474713 0.999981165 350.242401123
0.999984086 0.001726920 0.005360364 1.023771048 -0.001734880 0.999997497 0.001480858 -5.347261429 -0.005357792 -0.001490134 0.999984562 351.840332031
0.999983251 0.001692685 0.005520296 1.023521543 -0.001700822 0.999997497 0.001469592 -5.374934196 -0.005517795 -0.001478956 0.999983668 353.420074463
0.999983966 0.001110305 0.005550763 1.023495078 -0.001116292 0.999998868 0.001075539 -5.397162437 -0.005549563 -0.001081718 0.999984026 355.004058838
0.999983728 0.000946903 0.005614562 1.020296216 -0.000950942 0.999999225 0.000716741 -5.429189205 -0.005613879 -0.000722069 0.999983966 356.615753174
0.999985933 0.000109459 0.005294811 1.027744651 -0.000110545 0.999999940 0.000204809 -5.457710266 -0.005294790 -0.000205392 0.999985933 358.223632812
0.999985397 -0.000331867 0.005400000 1.025980115 0.000330773 0.999999940 0.000203323 -5.479732990 -0.005400067 -0.000201533 0.999985397 359.806182861
0.999986172 -0.000282526 0.005241641 1.034445643 0.000283359 0.999999881 -0.000158195 -5.515669346 -0.005241596 0.000159678 0.999986231 361.405242920
0.999983251 -0.002005846 0.005428833 1.036604524 0.002013499 0.999996960 -0.001404768 -5.543844700 -0.005425998 0.001415675 0.999984264 362.990539551
0.999979138 -0.003341968 0.005532683 1.036067843 0.003338990 0.999994218 0.000547435 -5.572391987 -0.005534479 -0.000528950 0.999984562 364.582122803
0.999972343 -0.005547666 0.004969882 1.052034020 0.005541752 0.999983907 0.001202836 -5.597330093 -0.004976475 -0.001175261 0.999986947 366.177520752
0.999969304 -0.005325407 0.005749205 1.043113351 0.005325077 0.999985814 0.000072641 -5.618371010 -0.005749511 -0.000042024 0.999983490 367.771301270
0.999969780 -0.003962656 0.006684138 1.031077266 0.003965552 0.999992073 -0.000420150 -5.641618252 -0.006682419 0.000446644 0.999977589 369.389953613
0.999971151 -0.003218909 0.006879775 1.034518719 0.003215161 0.999994636 0.000555817 -5.679881096 -0.006881528 -0.000533682 0.999976099 370.979370117
0.999975026 -0.001683338 0.006859316 1.043416977 0.001672522 0.999997377 0.001582240 -5.703213215 -0.006861961 -0.001570728 0.999975204 372.587677002
0.999969900 -0.001973019 0.007500303 1.040767193 0.001963366 0.999997377 0.001294118 -5.732127666 -0.007502835 -0.001279353 0.999971032 374.185913086
0.999965429 -0.001822202 0.008119056 1.028761506 0.001820463 0.999998391 0.000221536 -5.750049591 -0.008119447 -0.000206748 0.999966979 375.778259277
0.999966204 -0.001421427 0.008109054 1.037153959 0.001419791 0.999998987 0.000207589 -5.783584118 -0.008109340 -0.000196069 0.999967098 377.382873535
0.999962270 -0.001496454 0.008548529 1.050148726 0.001491831 0.999998748 0.000547111 -5.815110683 -0.008549337 -0.000534337 0.999963284 379.005859375
0.999961317 0.000567709 0.008776126 1.044867992 -0.000569878 0.999999821 0.000244709 -5.833012104 -0.008775987 -0.000249701 0.999961376 380.631652832
0.999955773 0.002174091 0.009150640 1.052323103 -0.002182558 0.999997199 0.000915366 -5.858924389 -0.009148624 -0.000935297 0.999957681 382.234527588
0.999942005 0.003919693 0.010022928 1.039621472 -0.003920036 0.999992251 0.000014552 -5.884419441 -0.010022796 -0.000053841 0.999949753 383.872589111
0.999933839 0.005187303 0.010264900 1.045643210 -0.005179475 0.999986172 -0.000789080 -5.907910824 -0.010268852 0.000735861 0.999947011 385.478332520
