1.000000000 0.000000000 0.000000000 0.000000000 0.000000000 1.000000000 0.000000000 0.000000000 0.000000000 0.000000000 1.000000000 0.000000000
1.000000000 -0.000129568 0.000093206 -0.012932900 0.000129435 0.999998987 0.001422028 -0.013090730 -0.000093390 -0.001422015 0.999998987 1.318677425
0.999998569 -0.001594797 -0.000592097 -0.012667071 0.001595881 0.999996960 0.001834378 -0.040782459 0.000589169 -0.001835321 0.999998152 2.614532232
0.999995589 -0.002914045 -0.000612542 -0.016625643 0.002914619 0.999995291 0.000937810 -0.058454901 0.000609807 -0.000939591 0.999999344 3.924057722
0.999994814 -0.003171159 -0.000587288 -0.025820527 0.003171771 0.999994338 0.001044497 -0.076394618 0.000583973 -0.001046355 0.999999285 5.250852108
0.999992430 -0.003837482 -0.000645954 -0.024481419 0.003838763 0.999990642 0.001993548 -0.102796771 0.000638298 -0.001996013 0.999997795 6.563564301
0.999985874 -0.005314427 -0.000221033 -0.036663737 0.005315093 0.999980986 0.003127041 -0.117817841 0.000204411 -0.003128172 0.999995112 7.878012657
0.999987841 -0.004905251 -0.000414898 -0.041197333 0.004906791 0.999980688 0.003793112 -0.139856175 0.000396284 -0.003795102 0.999992728 9.220955849
0.999993145 -0.003650131 -0.000557391 -0.052434899 0.003651117 0.999991655 0.001778065 -0.153791949 0.000550896 -0.001780087 0.999998271 10.562541008
0.999998569 -0.001448430 -0.000849412 -0.060010515 0.001448442 0.999998927 0.000014205 -0.181494758 0.000849390 -0.000015435 0.999999642 11.896825790
0.999997497 0.002242028 -0.000311791 -0.079731479 -0.002242293 0.999997079 -0.000852471 -0.203911126 0.000309879 0.000853167 0.999999583 13.239183426
0.999990404 0.004362725 -0.000334014 -0.095627211 -0.004363024 0.999990106 -0.000899651 -0.224875167 0.000330086 0.000901100 0.999999523 14.570087433
0.999984086 0.005636592 -0.000314266 -0.101502828 -0.005636638 0.999984145 -0.000145483 -0.242956758 0.000313441 0.000147252 0.999999881 15.924919128
0.999995172 0.003080102 0.000232767 -0.109115824 -0.003080706 0.999991775 0.002642264 -0.267655611 -0.000224626 -0.002642969 0.999996424 17.281051636
0.999999225 -0.001257282 0.000306327 -0.112127513 0.001255833 0.999988258 0.004687046 -0.288647473 -0.000312217 -0.004686658 0.999988914 18.633701324
0.999993265 -0.003663650 -0.000057912 -0.111227438 0.003663773 0.999990582 0.002287915 -0.303527832 0.000049529 -0.002288112 0.999997377 19.981828690
0.999988198 -0.004857790 -0.000072650 -0.119678654 0.004857829 0.999988019 0.000542319 -0.323862135 0.000070015 -0.000542666 0.999999821 21.333908081
0.999997497 -0.002054930 0.000887826 -0.132787466 0.002056020 0.999997139 -0.001228563 -0.343847036 -0.000885299 0.001230386 0.999998868 22.675634384
0.999998689 0.000825525 0.001432543 -0.139320508 -0.000826585 0.999999404 0.000739733 -0.361708730 -0.001431931 -0.000740916 0.999998689 24.055130005
0.999997556 0.001018715 0.001963695 -0.146117479 -0.001027363 0.999989688 0.004408012 -0.385205507 -0.001959184 -0.004410018 0.999988377 25.410137177
0.999994993 -0.001159379 0.002924752 -0.154836163 0.001140894 0.999979377 0.006313984 -0.395067215 -0.002932012 -0.006310616 0.999975801 26.783508301
0.999982953 -0.005477052 0.002022172 -0.145615652 0.005467963 0.999975026 0.004472945 -0.411282957 -0.002046620 -0.004461812 0.999987960 28.161411285
0.999984801 -0.005143756 0.001987248 -0.147121504 0.005140181 0.999985158 0.001800186 -0.420019835 -0.001996478 -0.001789944 0.999996483 29.537107468
0.999977648 -0.006093879 0.002736160 -0.147518590 0.006095254 0.999981225 -0.000494400 -0.447266877 -0.002733096 0.000511067 0.999996066 30.911176682
0.999990463 -0.002568723 0.003519983 -0.162453428 0.002572588 0.999996066 -0.001094215 -0.470867157 -0.003517159 0.001103260 0.999993205 32.283596039
0.999990702 -0.001683591 0.003968350 -0.166995496 0.001696318 0.999993443 -0.003205931 -0.498061270 -0.003962927 0.003212633 0.999987006 33.662071228
0.999991775 -0.001066552 0.003911483 -0.162933037 0.001077098 0.999995828 -0.002694967 -0.520645320 -0.003908592 0.002699159 0.999988735 35.054180145
0.999991953 -0.000620008 0.003967841 -0.174738869 0.000625858 0.999998689 -0.001473213 -0.547064841 -0.003966923 0.001475685 0.999991000 36.450603485
0.999993742 0.000641135 0.003490572 -0.181275249 -0.000641037 0.999999821 -0.000029149 -0.567236841 -0.003490590 0.000026911 0.999993861 37.844203949
0.999987900 0.003315324 0.003637851 -0.183113813 -0.003317524 0.999994338 0.000598917 -0.598048210 -0.003635845 -0.000610978 0.999993205 39.239795685
0.999975383 0.005811708 0.003935359 -0.192879409 -0.005812667 0.999983132 0.000232382 -0.620206118 -0.003933942 -0.000255251 0.999992251 40.631336212
0.999962807 0.007716667 0.003853398 -0.193203211 -0.007719561 0.999969959 0.000736613 -0.643701017 -0.003847598 -0.000766332 0.999992311 42.055992126
0.999961436 0.008064775 0.003487145 -0.190266877 -0.008066922 0.999967396 0.000602830 -0.664514244 -0.003482169 -0.000630938 0.999993742 43.456890106
0.999965191 0.007670628 0.003284160 -0.202937916 -0.007673825 0.999970019 0.000962026 -0.694424748 -0.003276682 -0.000987194 0.999994159 44.879116058
0.999973118 0.006917312 0.002444208 -0.203581005 -0.006918719 0.999975860 0.000567421 -0.713882267 -0.002440224 -0.000584316 0.999996901 46.286083221
0.999979079 0.006235454 0.001720592 -0.209402263 -0.006236614 0.999980271 0.000669198 -0.737465978 -0.001716385 -0.000679915 0.999998271 47.698196411
0.999976873 0.006780484 0.000612868 -0.215194851 -0.006781586 0.999975324 0.001814316 -0.756464481 -0.000600551 -0.001818431 0.999998152 49.113552094
0.999977410 0.006665100 -0.000832990 -0.223541304 -0.006663641 0.999976277 0.001744100 -0.782016456 0.000844595 -0.001738510 0.999998152 50.528129578
0.999976635 0.006683237 -0.001376006 -0.235777214 -0.006680404 0.999975502 0.002053338 -0.801438093 0.001389696 -0.002044098 0.999996960 51.965610504
0.999975085 0.006579793 -0.002543386 -0.248694822 -0.006571167 0.999972641 0.003385102 -0.825550020 0.002565590 -0.003368305 0.999991000 53.383251190
0.999979615 0.005668656 -0.002940031 -0.261046112 -0.005656332 0.999975264 0.004183714 -0.846496642 0.002963675 -0.004166999 0.999986947 54.836269379
0.999986768 0.003663507 -0.003601612 -0.268985569 -0.003647492 0.999983490 0.004443103 -0.864246249 0.003617830 -0.004429908 0.999983668 56.278450012
0.999990642 0.001270819 -0.004131687 -0.282230735 -0.001256383 0.999993145 0.003494697 -0.879356921 0.004136099 -0.003489474 0.999985397 57.710861206
0.999992371 0.000103548 -0.003893094 -0.293230504 -0.000087511 0.999991477 0.004119436 -0.907317221 0.003893488 -0.004119065 0.999983966 59.096752167
0.999994218 -0.001014342 -0.003240502 -0.304036498 0.001029167 0.999988973 0.004576516 -0.921798408 0.003235823 -0.004579824 0.999984324 60.526103973
0.999993026 -0.002358474 -0.002867878 -0.317853838 0.002374283 0.999981940 0.005521672 -0.945337415 0.002854803 -0.005528444 0.999980628 61.938064575
0.999990225 -0.003625677 -0.002530344 -0.330952942 0.003639463 0.999978423 0.005465259 -0.967629373 0.002510475 -0.005474414 0.999981821 63.335651398
0.999983907 -0.005328105 -0.001947478 -0.336008996 0.005336585 0.999976158 0.004375273 -0.987013817 0.001924120 -0.004385596 0.999988556 64.762519836
0.999985576 -0.005108909 -0.001683805 -0.334377140 0.005115867 0.999978304 0.004154841 -1.006657124 0.001662542 -0.004163395 0.999989986 66.181594849
0.999993086 -0.003671822 -0.000576598 -0.350459337 0.003674156 0.999984860 0.004100457 -1.030253291 0.000561533 -0.004102548 0.999991417 67.580039978
0.999999881 -0.000559118 0.000008767 -0.366127402 0.000559059 0.999984026 0.005627033 -1.051586986 -0.000011913 -0.005627029 0.999984145 68.968948364
0.999995112 0.003004289 0.000969332 -0.375130355 -0.003010606 0.999973774 0.006582638 -1.067493796 -0.000949531 -0.006585523 0.999977887 70.382377625
0.999976158 0.006694773 0.001703563 -0.385159582 -0.006706953 0.999951243 0.007247045 -1.083301663 -0.001654963 -0.007258298 0.999972343 71.784729004
0.999926507 0.011913098 0.002255776 -0.402452171 -0.011927588 0.999907553 0.006522123 -1.098910093 -0.002177869 -0.006548550 0.999976158 73.178657532
0.999886572 0.014751792 0.003029215 -0.419292778 -0.014769438 0.999873519 0.005887593 -1.114162326 -0.002941980 -0.005931664 0.999978065 74.569824219
0.999862552 0.016197171 0.003541757 -0.421412855 -0.016217371 0.999851882 0.005749716 -1.130535245 -0.003448104 -0.005806364 0.999977171 75.962066650
0.999858558 0.016361883 0.003905577 -0.425761640 -0.016385252 0.999847591 0.006027609 -1.146588445 -0.003806358 -0.006090750 0.999974191 77.374839783
0.999869585 0.015466470 0.004673496 -0.452675134 -0.015494002 0.999862492 0.005912613 -1.174447656 -0.004581406 -0.005984253 0.999971628 78.731239319
0.999891996 0.013990651 0.004513140 -0.453979254 -0.014014342 0.999887884 0.005260575 -1.192759395 -0.004439035 -0.005323255 0.999975979 80.114585876
0.999896526 0.013764813 0.004177249 -0.458214194 -0.013786020 0.999891996 0.005091617 -1.211806893 -0.004106712 -0.005148678 0.999978244 81.511138916
0.999894917 0.013881844 0.004178989 -0.464334995 -0.013903860 0.999889374 0.005285983 -1.232402086 -0.004105147 -0.005343531 0.999977291 82.878997803
0.999913156 0.012798189 0.003139204 -0.455511272 -0.012813468 0.999905944 0.004896448 -1.247804761 -0.003076243 -0.004936246 0.999983072 84.251815796
0.999908864 0.013234859 0.002661192 -0.474061280 -0.013248074 0.999899685 0.005010177 -1.258023739 -0.002594616 -0.005044976 0.999983907 85.613487244
0.999918342 0.012649848 0.001822041 -0.477329403 -0.012660692 0.999901354 0.006068584 -1.283181667 -0.001745094 -0.006091157 0.999979913 86.980751038
0.999939322 0.010978970 0.000906733 -0.487319559 -0.010984991 0.999915600 0.006925824 -1.301718831 -0.000830618 -0.006935363 0.999975622 88.369010925
0.999962747 0.008620145 -0.000306421 -0.496367931 -0.008617610 0.999934852 0.007482535 -1.317793131 0.000370901 -0.007479616 0.999971986 89.739242554
0.999979377 0.006295793 -0.001286779 -0.497721285 -0.006285883 0.999951601 0.007565046 -1.336101413 0.001334344 -0.007556802 0.999970555 91.112945557
0.999984920 0.005303827 -0.001478459 -0.510765851 -0.005292882 0.999959230 0.007311360 -1.357378840 0.001517176 -0.007303424 0.999972165 92.477447510
0.999988854 0.004393115 -0.001683710 -0.517970443 -0.004381564 0.999967277 0.006803933 -1.377084374 0.001713546 -0.006796481 0.999975383 93.822296143
0.999988019 0.004547063 -0.001780969 -0.534304023 -0.004536348 0.999971926 0.005974914 -1.388044715 0.001808087 -0.005966763 0.999980569 95.181053162
0.999989688 0.004260195 -0.001554386 -0.544116735 -0.004250990 0.999973714 0.005878154 -1.414067745 0.001579387 -0.005871485 0.999981463 96.572692871
0.999987364 0.004826909 -0.001375216 -0.558953643 -0.004819397 0.999973774 0.005414585 -1.436034441 0.001401316 -0.005407888 0.999984324 97.910560608
0.999978423 0.006497531 -0.000974691 -0.568686426 -0.006492506 0.999966025 0.005073565 -1.444008946 0.001007623 -0.005067127 0.999986649 99.261657715
0.999976456 0.006825708 -0.000612223 -0.578956783 -0.006821578 0.999955475 0.006511223 -1.459056497 0.000656640 -0.006506893 0.999978662 100.608398438
0.999964118 0.008466835 -0.000354125 -0.598354995 -0.008463690 0.999931395 0.008097928 -1.485087872 0.000422665 -0.008094640 0.999967158 101.943313599
0.999968827 0.007893550 -0.000169708 -0.606352508 -0.007892278 0.999947667 0.006504126 -1.496595502 0.000221040 -0.006502585 0.999978840 103.287422180
0.999971569 0.007542254 0.000115417 -0.616658747 -0.007542707 0.999960959 0.004593146 -1.520572901 -0.000080769 -0.004593885 0.999989450 104.595329285
0.999976277 0.006884164 -0.000108655 -0.619593203 -0.006883787 0.999971390 0.003146898 -1.532638669 0.000130316 -0.003146076 0.999995053 105.953948975
0.999989271 0.004584908 0.000509414 -0.633983016 -0.004587326 0.999977648 0.004852342 -1.566355348 -0.000487155 -0.004854627 0.999988079 107.283378601
0.999997139 0.002103801 0.001149565 -0.638120353 -0.002111627 0.999974310 0.006850596 -1.581847906 -0.001135123 -0.006853004 0.999975860 108.626091003
0.999998212 0.001000307 0.001599323 -0.632454693 -0.001011055 0.999976814 0.006733369 -1.585159302 -0.001592550 -0.006734974 0.999976039 109.965393066
0.999997258 0.000010702 0.002377090 -0.635474026 -0.000023708 0.999985099 0.005471382 -1.601141095 -0.002376996 -0.005471424 0.999982238 111.283264160
0.999993563 0.001801204 0.003106744 -0.639402032 -0.001811547 0.999992788 0.003329524 -1.625950098 -0.003100725 -0.003335131 0.999989629 112.623878479
0.999981880 0.004114084 0.004386873 -0.643732190 -0.004119369 0.999990761 0.001196467 -1.643345356 -0.004381910 -0.001214516 0.999989629 113.963211060
0.999959111 0.006873958 0.005871751 -0.650680482 -0.006881947 0.999975443 0.001341221 -1.665462375 -0.005862388 -0.001381575 0.999981880 115.270370483
0.999943495 0.007802298 0.007218007 -0.648879468 -0.007824923 0.999964595 0.003111272 -1.683925390 -0.007193477 -0.003167576 0.999969184 116.624130249
0.999930501 0.008179620 0.008488717 -0.650838315 -0.008225492 0.999951661 0.005383399 -1.705255985 -0.008444272 -0.005452848 0.999949455 117.924293518
0.999923170 0.007811381 0.009620788 -0.648784637 -0.007868561 0.999951482 0.005919873 -1.719720006 -0.009574079 -0.005995119 0.999936163 119.257987976
0.999913096 0.008138879 0.010372791 -0.642286479 -0.008193607 0.999952674 0.005244703 -1.732205629 -0.010329614 -0.005329237 0.999932468 120.597389221
0.999884129 0.009702605 0.011730899 -0.636293054 -0.009758721 0.999941170 0.004735854 -1.747286320 -0.011684259 -0.004849784 0.999919951 121.945556641
0.999847531 0.011924171 0.012755614 -0.628885567 -0.011977893 0.999919653 0.004143542 -1.761662126 -0.012705179 -0.004295695 0.999910057 123.282394409
0.999825478 0.012354964 0.014009351 -0.622156501 -0.012400727 0.999918044 0.003184334 -1.777318954 -0.013968860 -0.003357504 0.999896765 124.626518250
0.999794662 0.013802970 0.014834543 -0.611420810 -0.013841445 0.999901116 0.002493925 -1.803726077 -0.014798652 -0.002698744 0.999886870 125.957687378
0.999788344 0.012856523 0.016062640 -0.603916645 -0.012896475 0.999913990 0.002386151 -1.820454836 -0.016030584 -0.002592797 0.999868155 127.301666260
0.999789000 0.012200438 0.016534023 -0.583987892 -0.012258039 0.999919057 0.003386628 -1.836792946 -0.016491370 -0.003588588 0.999857545 128.660034180
0.999791324 0.010813019 0.017327528 -0.568360209 -0.010886031 0.999932230 0.004124856 -1.854684711 -0.017281754 -0.004312623 0.999841332 129.978546143
0.999784172 0.010511169 0.017918587 -0.554191053 -0.010590897 0.999934435 0.004360356 -1.868397832 -0.017871579 -0.004549189 0.999829948 131.352920532
0.999809325 0.008056202 0.017784731 -0.530932188 -0.008135698 0.999957144 0.004402021 -1.880108476 -0.017748505 -0.004545872 0.999832153 132.708053589
0.999820709 0.006886309 0.017638640 -0.516561687 -0.006977106 0.999962687 0.005091200 -1.902771831 -0.017602922 -0.005213354 0.999831438 134.060592651
0.999839664 0.005402164 0.017073369 -0.502673686 -0.005486585 0.999972880 0.004901659 -1.920830846 -0.017046425 -0.004994548 0.999842167 135.403366089
0.999865770 0.004306239 0.015812878 -0.487143874 -0.004382099 0.999979019 0.004765815 -1.933365464 -0.015792023 -0.004834468 0.999863565 136.747909546
0.999889016 0.002647854 0.014658281 -0.460991621 -0.002730772 0.999980390 0.005639619 -1.953212023 -0.014643061 -0.005679022 0.999876678 138.134536743
0.999907792 0.000846981 0.013556661 -0.446518779 -0.000929129 0.999981225 0.006054454 -1.972446203 -0.013551280 -0.006066491 0.999889851 139.473464966
0.999928653 0.000653529 0.011927035 -0.435845166 -0.000725301 0.999981642 0.006014234 -1.993068695 -0.011922888 -0.006022456 0.999910772 140.837173462
0.999940991 -0.000037998 0.010863964 -0.430087894 -0.000020734 0.999985397 0.005406010 -2.009034634 -0.010864011 -0.005405916 0.999926329 142.177337646
0.999951184 0.000619165 0.009858865 -0.413088173 -0.000667492 0.999987781 0.004899302 -2.023669243 -0.009855714 -0.004905642 0.999939382 143.528442383
0.999959111 -0.001960709 0.008830943 -0.409443378 0.001939249 0.999995112 0.002437987 -2.039742470 -0.008835682 -0.002420762 0.999957979 144.860336304
0.999939620 -0.007725507 0.007806785 -0.391739577 0.007708799 0.999967933 0.002168086 -2.061882019 -0.007823287 -0.002107775 0.999967158 146.247009277
0.999866486 -0.014439337 0.007647783 -0.395389587 0.014406655 0.999886930 0.004311449 -2.075280666 -0.007709173 -0.004200695 0.999961495 147.586181641
0.999741912 -0.022026122 0.005562842 -0.376837194 0.021994058 0.999741614 0.005760185 -2.093466520 -0.005688279 -0.005636350 0.999967873 148.955947876
0.999659657 -0.025678318 0.004630099 -0.360084981 0.025666608 0.999667227 0.002570712 -2.110794067 -0.004694571 -0.002450999 0.999985933 150.314178467
0.999690413 -0.024333879 0.005185398 -0.358697712 0.024337787 0.999703526 -0.000691819 -2.136914253 -0.005167027 0.000817806 0.999986291 151.671707153
0.999768674 -0.020597819 0.006190448 -0.368683308 0.020614274 0.999784112 -0.002606233 -2.163277864 -0.006135429 0.002733242 0.999977410 153.003890991
0.999758065 -0.020871364 0.006941279 -0.360293359 0.020890566 0.999778092 -0.002705456 -2.185924292 -0.006883272 0.002849809 0.999972224 154.384765625
0.999675274 -0.024225965 0.007893155 -0.361771613 0.024221282 0.999706388 0.000688175 -2.210153341 -0.007907510 -0.000496770 0.999968648 155.730484009
0.999533057 -0.029578030 0.007659401 -0.322576046 0.029551091 0.999556780 0.003606379 -2.232390165 -0.007762676 -0.003378351 0.999964178 157.100387573
0.999427795 -0.032987699 0.007457455 -0.308687955 0.032953087 0.999445796 0.004716821 -2.245229483 -0.007608919 -0.004468376 0.999961078 158.440658569
0.999385297 -0.034128293 0.008010325 -0.303631693 0.034092728 0.999408245 0.004534752 -2.262813091 -0.008160347 -0.004258872 0.999957561 159.814239502
0.999423921 -0.032623559 0.009349727 -0.306562006 0.032574516 0.999454975 0.005350533 -2.280372381 -0.009519183 -0.005042889 0.999941945 161.153228760
0.999548793 -0.028253008 0.010198579 -0.289395541 0.028206788 0.999591291 0.004647707 -2.301875353 -0.010325721 -0.004357941 0.999937117 162.525756836
0.999628782 -0.024752434 0.011383639 -0.302048415 0.024726240 0.999691308 0.002435998 -2.317631721 -0.011440420 -0.002153619 0.999932170 163.868972778
0.999683619 -0.021818584 0.012515645 -0.294480294 0.021801526 0.999761164 0.001497671 -2.330859900 -0.012545332 -0.001224337 0.999920547 165.226058960
0.999721527 -0.019899348 0.012683307 -0.287881851 0.019862572 0.999798179 0.003018747 -2.360345125 -0.012740818 -0.002765984 0.999915004 166.584976196
0.999764919 -0.017867438 0.012277720 -0.272158921 0.017835261 0.999837160 0.002725290 -2.383488655 -0.012324414 -0.002505673 0.999920845 167.946762085
0.999806702 -0.015702190 0.011831013 -0.257470697 0.015703175 0.999876618 0.000009812 -2.399613142 -0.011829711 0.000175974 0.999930024 169.336410522
0.999869287 -0.011703270 0.011147561 -0.250152856 0.011735706 0.999927044 -0.002848845 -2.421041250 -0.011113407 0.002979297 0.999933779 170.698440552
0.999915302 -0.006395165 0.011336444 -0.249926835 0.006439860 0.999971628 -0.003910415 -2.452657461 -0.011311117 0.003983089 0.999928117 172.080932617
0.999929845 -0.002115114 0.011655354 -0.249692515 0.002145171 0.999994397 -0.002566854 -2.480419874 -0.011649859 0.002591677 0.999928772 173.459182739
0.999922812 0.000944581 0.012390214 -0.249495625 -0.000936318 0.999999285 -0.000672625 -2.506893396 -0.012390842 0.000660972 0.999922991 174.819046021
0.999920905 0.002065724 0.012400049 -0.242061406 -0.002083035 0.999996901 0.001383287 -2.525451422 -0.012397153 -0.001409007 0.999922156 176.202453613
0.999931633 -0.001208759 0.011625613 -0.231649637 0.001179716 0.999996185 0.002504811 -2.545986891 -0.011628597 -0.002490925 0.999929249 177.581985474
0.999947906 -0.002837795 0.009805223 -0.212422818 0.002815712 0.999993443 0.002265252 -2.562877178 -0.009811587 -0.002237524 0.999949336 178.974090576
0.999963880 -0.002879818 0.008000121 -0.208596259 0.002895475 0.999993920 -0.001946175 -2.585170984 -0.007994466 0.001969269 0.999966085 180.371414185
0.999978483 -0.001998551 0.006249960 -0.196655780 0.002035787 0.999980211 -0.005957130 -2.614483118 -0.006237930 0.005969725 0.999962687 181.761108398
0.999978423 0.002910278 0.005890834 -0.206475034 -0.002872413 0.999975145 -0.006426064 -2.645317554 -0.005909391 0.006409003 0.999961972 183.156021118
0.999963641 0.006359380 0.005670794 -0.210823014 -0.006327404 0.999963999 -0.005638907 -2.674005270 -0.005706450 0.005602821 0.999967933 184.543594360
0.999941230 0.008874043 0.006231517 -0.222718209 -0.008859859 0.999958038 -0.002300162 -2.700369120 -0.006251668 0.002244816 0.999977946 185.927520752
0.999933839 0.009484373 0.006496008 -0.220166102 -0.009483384 0.999954998 -0.000183097 -2.725437164 -0.006497453 0.000121481 0.999978900 187.313323975
0.999938190 0.008866940 0.006700558 -0.221081853 -0.008871873 0.999960303 0.000706792 -2.744453430 -0.006694026 -0.000766195 0.999977291 188.704330444
0.999949872 0.007485096 0.006654108 -0.217791796 -0.007492711 0.999971330 0.001120167 -2.765030861 -0.006645532 -0.001169968 0.999977171 190.128097534
0.999966025 0.004572572 0.006860847 -0.212076932 -0.004585309 0.999987781 0.001842066 -2.789379120 -0.006852340 -0.001873462 0.999974787 191.546310425
0.999976397 0.001766628 0.006646055 -0.205100998 -0.001777951 0.999996901 0.001698331 -2.805250883 -0.006643034 -0.001710107 0.999976516 192.972686768
0.999971390 -0.001351892 0.007431067 -0.201027200 0.001331340 0.999995291 0.002769989 -2.827895641 -0.007434775 -0.002760017 0.999968469 194.391540527
0.999952078 -0.006130162 0.007624597 -0.189349502 0.006095123 0.999970853 0.004610326 -2.849016666 -0.007652636 -0.004563631 0.999960244 195.829193115
0.999933839 -0.008303083 0.007961529 -0.174231172 0.008269031 0.999956548 0.004300272 -2.867039919 -0.007996888 -0.004234153 0.999958992 197.233551025
0.999947131 -0.006014144 0.008341224 -0.173713773 0.006014803 0.999981880 -0.000054111 -2.886464357 -0.008340748 0.000104279 0.999965131 198.667053223
0.999961436 0.001250015 0.008691790 -0.176771671 -0.001206437 0.999986649 -0.005017178 -2.908049107 -0.008697946 0.005006498 0.999949634 200.080902100
0.999889374 0.010639425 0.010385977 -0.191610932 -0.010583468 0.999929249 -0.005428175 -2.932557106 -0.010442994 0.005317656 0.999931276 201.524536133
0.999763906 0.018336145 0.011651965 -0.204121545 -0.018315990 0.999830544 -0.001834143 -2.955979109 -0.011683621 0.001620293 0.999930441 202.957611084
0.999743044 0.019034430 0.012309244 -0.193616956 -0.019047741 0.999818087 0.000965226 -2.993730068 -0.012288632 -0.001199441 0.999923706 204.402542114
0.999779344 0.017384101 0.011784977 -0.188484430 -0.017402457 0.999847412 0.001456640 -3.012283325 -0.011757856 -0.001661406 0.999929428 205.830810547
0.999850571 0.013710378 0.010531289 -0.168043062 -0.013726678 0.999904692 0.001477024 -3.035954475 -0.010510033 -0.001621363 0.999943435 207.299087524
0.999876440 0.011892509 0.010274084 -0.166284308 -0.011903096 0.999928653 0.000969884 -3.060911655 -0.010261818 -0.001092057 0.999946773 208.761917114
0.999885499 0.011875599 0.009377100 -0.151715890 -0.011881161 0.999929249 0.000537605 -3.081860065 -0.009370052 -0.000648954 0.999955952 210.232803345
0.999868751 0.013244155 0.009324626 -0.147522613 -0.013252724 0.999911785 0.000857694 -3.108685255 -0.009312445 -0.000981159 0.999956131 211.691314697
0.999861360 0.013869846 0.009203601 -0.140747473 -0.013887471 0.999901831 0.001853855 -3.133809805 -0.009176985 -0.001981413 0.999955952 213.149230957
0.999862254 0.013817634 0.009194591 -0.141067699 -0.013830925 0.999903381 0.001383484 -3.153997660 -0.009174587 -0.001510463 0.999956727 214.619369507
0.999866128 0.013550118 0.009175939 -0.138906986 -0.013553515 0.999908030 0.000308007 -3.178239822 -0.009170922 -0.000432332 0.999957860 216.087966919
0.999885321 0.012517562 0.008526318 -0.125451997 -0.012517841 0.999921620 -0.000020697 -3.197698355 -0.008525907 -0.000086036 0.999963582 217.565002441
0.999883175 0.012954449 0.008109634 -0.123745315 -0.012954166 0.999916017 -0.000087565 -3.219938755 -0.008110087 -0.000017499 0.999967098 219.044433594
0.999882519 0.013096771 0.007959788 -0.115159445 -0.013095744 0.999914169 -0.000181063 -3.246288300 -0.007961476 0.000076803 0.999968231 220.542266846
0.999888599 0.012856006 0.007581731 -0.110523731 -0.012852904 0.999917269 -0.000457535 -3.268863916 -0.007586986 0.000360037 0.999971151 222.024627686
0.999878347 0.013773048 0.007315647 -0.114306509 -0.013767420 0.999904871 -0.000818829 -3.294565678 -0.007326229 0.000718012 0.999972939 223.508865356
0.999882340 0.013699308 0.006920691 -0.108643353 -0.013693607 0.999905884 -0.000870449 -3.320779800 -0.006931965 0.000775578 0.999975681 225.007827759
0.999871552 0.014389157 0.007060299 -0.119400337 -0.014383893 0.999896169 -0.000795825 -3.346203566 -0.007071018 0.000694168 0.999974787 226.484130859
0.999885142 0.013521255 0.006847810 -0.112368859 -0.013515256 0.999908268 -0.000921597 -3.372541666 -0.006859642 0.000828941 0.999976099 228.010116577
0.999906659 0.011954155 0.006613226 -0.110768221 -0.011949443 0.999928355 -0.000751616 -3.400098562 -0.006621736 0.000672522 0.999977827 229.496749878
0.999919236 0.010505544 0.007150209 -0.107162923 -0.010500500 0.999944568 -0.000742674 -3.423067570 -0.007157614 0.000667533 0.999974132 231.009445190
0.999929905 0.009115503 0.007545829 -0.110453516 -0.009114714 0.999958456 -0.000138991 -3.444267035 -0.007546782 0.000070203 0.999971509 232.510391235
0.999930143 0.009152547 0.007482610 -0.099742353 -0.009154804 0.999958038 0.000267468 -3.473797560 -0.007479847 -0.000335951 0.999971926 234.015289307
0.999921858 0.009901956 0.007642442 -0.098314822 -0.009902515 0.999950945 0.000035033 -3.499319315 -0.007641721 -0.000110709 0.999970794 235.532104492
0.999915540 0.010234245 0.008014198 -0.095369354 -0.010231206 0.999947548 -0.000419837 -3.526432991 -0.008018075 0.000337807 0.999967813 237.024246216
0.999894798 0.011672024 0.008608482 -0.094936691 -0.011672925 0.999931812 0.000054598 -3.549739599 -0.008607259 -0.000155078 0.999962926 238.524963379
0.999879360 0.012266922 0.009529167 -0.095317297 -0.012286946 0.999922395 0.002045826 -3.571328878 -0.009503334 -0.002162663 0.999952495 240.050277710
0.999866188 0.012659253 0.010362240 -0.093392804 -0.012684307 0.999916732 0.002355688 -3.590573072 -0.010331557 -0.002486811 0.999943554 241.561950684
0.999866664 0.012596878 0.010391321 -0.072436087 -0.012606875 0.999920070 0.000897017 -3.615322113 -0.010379191 -0.001027899 0.999945581 243.070068359
0.999855280 0.013045079 0.010920482 -0.061208811 -0.013041248 0.999914825 -0.000422031 -3.637622118 -0.010925057 0.000279554 0.999940276 244.582778931
0.999852180 0.013022604 0.011228266 -0.058844823 -0.013022580 0.999915183 -0.000075102 -3.658048630 -0.011228291 -0.000071130 0.999936879 246.112594604
0.999862611 0.012631621 0.010731620 -0.041058160 -0.012647355 0.999919057 0.001399462 -3.690496922 -0.010713073 -0.001534997 0.999941409 247.647903442
0.999853134 0.013291029 0.010819174 -0.039778743 -0.013308301 0.999910295 0.001525881 -3.710592270 -0.010797922 -0.001669642 0.999940276 249.173706055
0.999857187 0.013245668 0.010494754 -0.028342824 -0.013267571 0.999909937 0.002019977 -3.746546268 -0.010467052 -0.002158928 0.999942899 250.712326050
0.999828875 0.014808630 0.011087884 -0.024151966 -0.014834844 0.999887347 0.002285560 -3.768382311 -0.011052789 -0.002449655 0.999935985 252.254226685
0.999808848 0.016183088 0.010972006 -0.016966920 -0.016208932 0.999866068 0.002270493 -3.794112682 -0.010933791 -0.002447904 0.999937236 253.781784058
0.999801040 0.016405690 0.011345906 -0.011557192 -0.016431844 0.999862611 0.002215231 -3.808535814 -0.011308003 -0.002401224 0.999933183 255.321670532
0.999826372 0.014939751 0.011134701 -0.001853668 -0.014970450 0.999884367 0.002678729 -3.839171410 -0.011093393 -0.002844956 0.999934435 256.870269775
0.999848545 0.013584984 0.010878868 0.016210806 -0.013623377 0.999901235 0.003462759 -3.860037088 -0.010830753 -0.003610441 0.999934852 258.404602051
0.999881327 0.011023735 0.010758054 0.025361840 -0.011066212 0.999931097 0.003896647 -3.872931957 -0.010714358 -0.004015236 0.999934614 259.925750732
0.999897182 0.009028804 0.011142381 0.017888738 -0.009065505 0.999953628 0.003247571 -3.892636776 -0.011112545 -0.003348248 0.999932647 261.461242676
0.999907851 0.008107523 0.010892887 0.028053770 -0.008131891 0.999964476 0.002194393 -3.911660671 -0.010874709 -0.002282771 0.999938250 263.019744873
0.999922633 0.005237979 0.011279854 0.033112574 -0.005286937 0.999976695 0.004314824 -3.941337109 -0.011256988 -0.004374126 0.999927044 264.580444336
0.999930620 0.002999984 0.011385466 0.050310723 -0.003069965 0.999976516 0.006134052 -3.959120512 -0.011366793 -0.006168579 0.999916315 266.131866455
0.999931693 0.002211486 0.011470997 0.069687948 -0.002268875 0.999984980 0.004992316 -3.965711117 -0.011459784 -0.005018001 0.999921679 267.678314209
0.999928355 0.001942578 0.011811135 0.084051035 -0.001984560 0.999991775 0.003543805 -3.978016615 -0.011804155 -0.003566991 0.999923944 269.223724365
0.999917507 0.002470966 0.012605525 0.093773492 -0.002522913 0.999988377 0.004106777 -4.015463352 -0.012595229 -0.004138242 0.999912143 270.756011963
0.999894321 0.004217578 0.013918373 0.098553225 -0.004279161 0.999981225 0.004397864 -4.040219307 -0.013899563 -0.004456959 0.999893486 272.278015137
0.999877751 0.005870098 0.014490535 0.109266050 -0.005922473 0.999976218 0.003574201 -4.054213524 -0.014469209 -0.003659584 0.999888539 273.819946289
0.999854147 0.006954461 0.015594798 0.123709403 -0.007012883 0.999968588 0.003694642 -4.077753544 -0.015568614 -0.003803469 0.999871552 275.374725342
0.999841571 0.007918250 0.015937906 0.152340293 -0.007968694 0.999963403 0.003104093 -4.098634720 -0.015912743 -0.003230605 0.999868155 276.907073975
0.999821782 0.008768747 0.016715104 0.163353473 -0.008809279 0.999958456 0.002352807 -4.122423172 -0.016693776 -0.002499636 0.999857545 278.454589844
0.999814391 0.007747313 0.017637787 0.182894260 -0.007781141 0.999968112 0.001850106 -4.142883301 -0.017622892 -0.001987005 0.999842763 280.009674072
0.999804080 0.007767485 0.018207759 0.222255006 -0.007809813 0.999966979 0.002254770 -4.172629356 -0.018189646 -0.002396527 0.999831676 281.559478760
0.999803782 0.006264683 0.018788535 0.245966256 -0.006327173 0.999974787 0.003268420 -4.194879055 -0.018767586 -0.003386657 0.999818087 283.125457764
0.999807239 0.005225082 0.018925348 0.264544606 -0.005290921 0.999980092 0.003430467 -4.214436054 -0.018907050 -0.003529938 0.999814928 284.691162109
0.999813080 0.004977546 0.018683661 0.298358351 -0.005000359 0.999986827 0.001174477 -4.244506836 -0.018677572 -0.001267683 0.999824762 286.245452881
0.999825001 0.003717035 0.018335892 0.326934427 -0.003696791 0.999992549 -0.001137854 -4.266247272 -0.018339984 0.001069871 0.999831319 287.813537598
0.999831259 0.003963433 0.017937779 0.345615208 -0.003944199 0.999991596 -0.001107536 -4.295662403 -0.017942023 0.001036599 0.999838471 289.382629395
0.999854088 0.002259101 0.016928621 0.370828807 -0.002242525 0.999996960 -0.000998090 -4.320532799 -0.016930830 0.000959982 0.999856174 290.946472168
0.999871612 0.002145303 0.015877744 0.382540256 -0.002120912 0.999996543 -0.001552891 -4.345227242 -0.015881021 0.001519016 0.999872744 292.491363525
0.999884546 0.002351808 0.015011341 0.411205471 -0.002322749 0.999995351 -0.001953007 -4.375146866 -0.015015864 0.001917914 0.999885440 294.080017090
0.999897242 0.002455509 0.014124291 0.432114601 -0.002436360 0.999996006 -0.001372818 -4.403042793 -0.014127607 0.001338265 0.999899328 295.650451660
0.999911070 0.001855447 0.013207210 0.441312432 -0.001841218 0.999997735 -0.001089451 -4.435995102 -0.013209203 0.001065037 0.999912202 297.203460693
0.999928772 0.001539716 0.011833832 0.460293978 -0.001545341 0.999998689 0.000466221 -4.466063499 -0.011833099 -0.000484475 0.999929845 298.758148193
0.999931931 0.003000182 0.011272094 0.467303962 -0.003018100 0.999994218 0.001573023 -4.485296249 -0.011267311 -0.001606936 0.999935210 300.332183838
0.999921381 0.003263460 0.012105105 0.472502619 -0.003283031 0.999993324 0.001597225 -4.504631996 -0.012099811 -0.001636841 0.999925435 301.930908203
0.999908328 0.003599854 0.013054724 0.487243593 -0.003616991 0.999992609 0.001289286 -4.523460865 -0.013049986 -0.001336386 0.999913931 303.523681641
0.999913335 0.001973795 0.013012195 0.501826882 -0.001988237 0.999997437 0.001097067 -4.546255589 -0.013009995 -0.001122843 0.999914765 305.104187012
0.999911726 0.000322896 0.013279608 0.517663300 -0.000328866 0.999999762 0.000447345 -4.578135014 -0.013279462 -0.000451673 0.999911726 306.681121826
0.999906480 -0.001252049 0.013619488 0.535460830 0.001274105 0.999997854 -0.001610878 -4.599369049 -0.013617442 0.001628080 0.999905944 308.286499023
0.999908388 -0.001430159 0.013460847 0.545102119 0.001465111 0.999995589 -0.002587123 -4.627029419 -0.013457087 0.002606608 0.999906063 309.874816895
0.999934375 -0.000584154 0.011441253 0.552989304 0.000628958 0.999992132 -0.003912816 -4.652479649 -0.011438875 0.003919755 0.999926925 311.489135742
0.999959826 0.000462667 0.008963118 0.570112467 -0.000434203 0.999994814 -0.003177407 -4.675186157 -0.008964543 0.003173387 0.999954760 313.080688477
0.999963880 0.001518139 0.008364660 0.577696562 -0.001518445 0.999998808 0.000030191 -4.701492786 -0.008364604 -0.000042891 0.999965012 314.712005615
0.999960363 -0.000264004 0.008893473 0.591882169 0.000234885 0.999994636 0.003275142 -4.731834412 -0.008894286 -0.003272924 0.999955118 316.338958740
0.999960899 -0.001228747 0.008748818 0.603072643 0.001194676 0.999991655 0.003898483 -4.752127171 -0.008753534 -0.003887878 0.999954045 317.960418701
0.999956489 -0.002373805 0.009014488 0.608632624 0.002348789 0.999993384 0.002784658 -4.771359921 -0.009021040 -0.002763364 0.999955475 319.574737549
0.999951780 -0.003074118 0.009339242 0.612173617 0.003048566 0.999991596 0.002748970 -4.793704987 -0.009347615 -0.002720365 0.999952614 321.187408447
0.999949932 -0.003084393 0.009520537 0.621058941 0.003055857 0.999990880 0.003010457 -4.815664291 -0.009529734 -0.002981213 0.999950171 322.809875488
0.999943316 -0.003471996 0.010060416 0.631998479 0.003442642 0.999989748 0.002933589 -4.839687347 -0.010070496 -0.002898789 0.999945045 324.459075928
0.999942839 -0.002773192 0.010322315 0.642194808 0.002751635 0.999993980 0.002101975 -4.864010334 -0.010328081 -0.002073451 0.999944508 326.079498291
0.999935806 -0.001306581 0.011253298 0.639318526 0.001289012 0.999998033 0.001568291 -4.892648697 -0.011255324 -0.001553685 0.999935448 327.688964844
0.999928415 -0.002706918 0.011662328 0.656390786 0.002667510 0.999990642 0.003393355 -4.915538788 -0.011671404 -0.003362002 0.999926209 329.328826904
0.999920309 -0.003411788 0.012156355 0.661194444 0.003359229 0.999984920 0.004341382 -4.940619946 -0.012170983 -0.004300200 0.999916673 330.889923096
0.999921024 -0.004453104 0.011749317 0.679711998 0.004417553 0.999985576 0.003049955 -4.961734772 -0.011762731 -0.002997811 0.999926329 332.522857666
0.999924898 -0.003361148 0.011797545 0.695538223 0.003326189 0.999990106 0.002981553 -4.981656075 -0.011807451 -0.002942088 0.999925971 334.159881592
0.999930680 -0.001270299 0.011707520 0.692952693 0.001257087 0.999998510 0.001135829 -5.013705730 -0.011708946 -0.001121032 0.999930799 335.758300781
0.999940574 0.000010460 0.010912295 0.704137981 0.000006576 0.999998689 -0.001561179 -5.041207314 -0.010912300 0.001561157 0.999939203 337.379089355
0.999944270 0.001594041 0.010448432 0.707232237 -0.001581690 0.999997973 -0.001190232 -5.072761059 -0.010450309 0.001173639 0.999944687 338.955596924
0.999948502 0.002965976 0.009702581 0.702937126 -0.002990554 0.999992311 0.002519630 -5.102930546 -0.009695034 -0.002548516 0.999949813 340.529205322
0.999963701 0.003408524 0.007807913 0.721139967 -0.003448766 0.999980748 0.005146299 -5.123758793 -0.007790222 -0.005173039 0.999956250 342.153106689
0.999968290 0.004320613 0.006685814 0.721964121 -0.004345598 0.999983609 0.003726760 -5.142939568 -0.006669602 -0.003755695 0.999970734 343.751892090
0.999981999 0.003704895 0.004718166 0.724397779 -0.003714401 0.999991119 0.002007465 -5.164158821 -0.004710687 -0.002024954 0.999986887 345.340911865
0.999992311 0.002663854 0.002883378 0.726468921 -0.002672509 0.999992013 0.003002102 -5.178394794 -0.002875358 -0.003009785 0.999991357 346.896545410
0.999998212 0.001089262 0.001589456 0.727927148 -0.001094733 0.999993563 0.003445036 -5.203086376 -0.001585693 -0.003446770 0.999992847 348.487304688
0.999998450 0.000850334 0.001513247 0.715728521 -0.000854586 0.999995708 0.002811443 -5.225668430 -0.001510850 -0.002812732 0.999994814 350.041656494
0.999999404 -0.000237706 0.001047668 0.714505017 0.000235717 0.999998271 0.001898679 -5.247319698 -0.001048118 -0.001898431 0.999997675 351.637023926
0.999999225 -0.000351827 0.001204380 0.708689392 0.000349971 0.999998748 0.001540542 -5.267290592 -0.001204920 -0.001540119 0.999998093 353.222747803
0.999998987 -0.000929722 0.001041810 0.703933060 0.000928471 0.999998868 0.001200646 -5.288104057 -0.001042925 -0.001199678 0.999998748 354.824737549
0.999998987 -0.001236648 0.000623573 0.703844130 0.001236398 0.999999166 0.000400235 -5.312012196 -0.000624068 -0.000399463 0.999999762 356.416564941
0.999998450 -0.001453442 0.000976009 0.692500353 0.001453441 0.999998927 0.000002017 -5.341735840 -0.000976011 -0.000000599 0.999999523 358.004425049
0.999997616 -0.001902769 0.001015352 0.688799679 0.001902654 0.999998212 0.000114012 -5.366247177 -0.001015567 -0.000112080 0.999999464 359.588958740
0.999997914 -0.001889937 0.000785860 0.688247144 0.001890384 0.999998033 -0.000568987 -5.395215034 -0.000784783 0.000570472 0.999999523 361.182586670
0.999993443 -0.003515465 0.000783287 0.684004843 0.003517085 0.999991655 -0.002076638 -5.421758175 -0.000775980 0.002079379 0.999997497 362.767303467
0.999987364 -0.004987589 0.000571271 0.684323430 0.004987722 0.999987483 -0.000232287 -5.449076176 -0.000570105 0.000235133 0.999999821 364.374084473
0.999977648 -0.006688649 0.000033535 0.694201171 0.006688629 0.999977469 0.000536527 -5.475868702 -0.000037123 -0.000536291 0.999999881 365.974273682
0.999975681 -0.006947288 0.000454896 0.683126688 0.006947571 0.999975681 -0.000625489 -5.499505997 -0.000450540 0.000628635 0.999999702 367.555664062
0.999983907 -0.005470998 0.001496843 0.661300719 0.005473140 0.999984026 -0.001431076 -5.517240524 -0.001488990 0.001439245 0.999997914 369.174896240
0.999986649 -0.005079523 0.000937971 0.664597690 0.005079828 0.999987066 -0.000323356 -5.556447983 -0.000936316 0.000328116 0.999999464 370.752197266
0.999993920 -0.003272061 0.001197923 0.658205450 0.003271867 0.999994695 0.000163700 -5.574546814 -0.001198452 -0.000159780 0.999999285 372.355163574
0.999991179 -0.003961485 0.001388283 0.655749559 0.003961168 0.999992132 0.000230880 -5.608379841 -0.001389187 -0.000225379 0.999998987 373.939392090
0.999991417 -0.003796339 0.001666669 0.639778912 0.003798243 0.999992132 -0.001140972 -5.623971939 -0.001662325 0.001147292 0.999997973 375.532684326
0.999992549 -0.003366159 0.001895514 0.637133181 0.003367985 0.999993801 -0.000960891 -5.661469460 -0.001892268 0.000967268 0.999997735 377.135711670
0.999992132 -0.003416183 0.002020267 0.644954562 0.003417514 0.999993920 -0.000655791 -5.693684101 -0.002018015 0.000662690 0.999997735 378.765045166
0.999995410 -0.001668479 0.002509860 0.624538958 0.001670514 0.999998212 -0.000808789 -5.715534687 -0.002508506 0.000812978 0.999996543 380.373718262
0.999996006 -0.000030876 0.002824038 0.622773349 0.000031725 0.999999940 -0.000300644 -5.741580486 -0.002824028 0.000300732 0.999995947 381.976531982
0.999992669 0.001384504 0.003601201 0.599648118 -0.001380913 0.999998569 -0.000999436 -5.768010616 -0.003602580 0.000994456 0.999993026 383.621490479
