%YAML:1.0

#--------------------------------------------------------------------------------------------
# Camera Parameters. Adjust them!
#--------------------------------------------------------------------------------------------

# Camera calibration and distortion parameters (OpenCV) 
Camera.fx: 710.81021367
Camera.fy: 708.05070934
Camera.cx: 340.59290113
Camera.cy: 367.06263049

Camera.k1: 0.0
Camera.k2: 0.0
Camera.p1: 0.0
Camera.p2: 0.0

Camera.width: 752
Camera.height: 480

# Camera frames per second 
Camera.fps: 20.0

# stereo baseline times fx
Camera.bf: 46.7713

# Color order of the images (0: BGR, 1: RGB. It is ignored if images are grayscale)
Camera.RGB: 1

# Close/Far threshold. Baseline times.
ThDepth: 35

#--------------------------------------------------------------------------------------------
# Stereo Rectification. Only if you need to pre-rectify the images.
# Camera.fx, .fy, etc must be the same as in LEFT.P
#--------------------------------------------------------------------------------------------
LEFT.height: 720
LEFT.width: 640
LEFT.D: !!opencv-matrix
   rows: 1
   cols: 5
   dt: d
   data: [0.0784524804, 0.514079101, -0.000125981158,  0.00673470829, -3.44634996]
LEFT.K: !!opencv-matrix 
   rows: 3
   cols: 3
   dt: d
   data: [710.81021367, 0, 337.85079621, 0, 714.3443065, 367.06263049, 0, 0, 1 ]
LEFT.R:  !!opencv-matrix
   rows: 3
   cols: 3
   dt: d
   data: [0.99849072, -0.01302464, 0.05335385, 0.01355193,  0.99986272, -0.00953299, -0.05322236,  0.01024165,  0.99853016]
LEFT.P:  !!opencv-matrix
   rows: 3
   cols: 4
   dt: d
   data: [784.8265296, 0.0, 300.95464325, 0.0, 0.0, 784.8265296, 353.37057495, 0.0, 0.0, 0.0, 1, 0.0 ]

RIGHT.height: 720
RIGHT.width: 640
RIGHT.D: !!opencv-matrix
   rows: 1
   cols: 5
   dt: d
   data:[0.0600751716, 0.627623994, -0.00248966571, 0.00913101207, -2.82070227]
RIGHT.K: !!opencv-matrix
   rows: 3
   cols: 3
   dt: d
   data: [705.57586047, 0, 340.59290113, 0, 708.05070934, 355.83848112, 0, 0, 1]
RIGHT.R:  !!opencv-matrix
   rows: 3
   cols: 3
   dt: d
   data: [0.99729639, -0.03048111, 0.06686417, 0.02981781, 0.99949596, 0.01089596, -0.06716259, -0.00887276, 0.99770259]
RIGHT.P:  !!opencv-matrix
   rows: 3
   cols: 4
   dt: d
   data: [784.826530, 0.0, 300.954643, -2157.89249, 0.0, 784.826530, 353.370575, 0.0, 0.0, 0.0, 1, 0.0]

#--------------------------------------------------------------------------------------------
# ORB Parameters
#--------------------------------------------------------------------------------------------

# ORB Extractor: Number of features per image
ORBextractor.nFeatures: 1200

# ORB Extractor: Scale factor between levels in the scale pyramid 	
ORBextractor.scaleFactor: 1.2

# ORB Extractor: Number of levels in the scale pyramid	
ORBextractor.nLevels: 8

# ORB Extractor: Fast threshold
# Image is divided in a grid. At each cell FAST are extracted imposing a minimum response.
# Firstly we impose iniThFAST. If no corners are detected we impose a lower value minThFAST
# You can lower these values if your images have low contrast			
ORBextractor.iniThFAST: 20
ORBextractor.minThFAST: 7

#--------------------------------------------------------------------------------------------
# Viewer Parameters
#--------------------------------------------------------------------------------------------
Viewer.KeyFrameSize: 0.05
Viewer.KeyFrameLineWidth: 1
Viewer.GraphLineWidth: 0.9
Viewer.PointSize:2
Viewer.CameraSize: 0.08
Viewer.CameraLineWidth: 3
Viewer.ViewpointX: 0
Viewer.ViewpointY: -0.7
Viewer.ViewpointZ: -1.8
Viewer.ViewpointF: 500
